File : .\Levenstein\text\100.txt
Str : tract
Duzina : 5
Pogadjanja  <= 3 : 
	3, 12
	0, 13
	3, 15
	3, 16
	2, 51
	3, 56
	3, 69
	3, 72
	3, 73
Time : 1 ms
---------------------------------
File : .\Levenstein\text\1000.txt
Str : tract
Duzina : 5
Pogadjanja  <= 3 : 
	1, 64
	2, 71
	3, 90
	3, 99
	3, 105
	3, 108
	3, 131
	3, 151
	3, 154
	3, 157
	3, 162
	3, 181
	3, 200
	3, 211
	3, 222
	3, 243
	1, 314
	2, 321
	3, 340
	3, 349
	3, 355
	3, 358
	3, 381
	3, 401
	3, 404
	3, 407
	3, 412
	3, 431
	3, 450
	3, 461
	3, 472
	3, 493
	1, 564
	2, 571
	3, 590
	3, 599
	3, 605
	3, 608
	3, 631
	3, 651
	3, 654
	3, 657
	3, 662
	3, 681
	3, 700
	3, 711
	3, 722
	3, 743
	1, 814
	2, 821
	3, 840
	3, 849
	3, 855
	3, 858
	3, 881
	3, 901
	3, 904
	3, 907
	3, 912
	3, 931
	3, 950
	3, 961
	3, 972
	3, 993
Time : 2 ms
---------------------------------
File : .\Levenstein\text\10000.txt
Str : tract
Duzina : 5
Pogadjanja  <= 3 : 
	1, 64
	2, 71
	3, 90
	3, 99
	3, 105
	3, 108
	3, 131
	3, 151
	3, 154
	3, 157
	3, 162
	3, 181
	3, 200
	3, 211
	3, 222
	3, 243
	1, 314
	2, 321
	3, 340
	3, 349
	3, 355
	3, 358
	3, 381
	3, 401
	3, 404
	3, 407
	3, 412
	3, 431
	3, 450
	3, 461
	3, 472
	3, 493
	1, 564
	2, 571
	3, 590
	3, 599
	3, 605
	3, 608
	3, 631
	3, 651
	3, 654
	3, 657
	3, 662
	3, 681
	3, 700
	3, 711
	3, 722
	3, 743
	1, 814
	2, 821
	3, 840
	3, 849
	3, 855
	3, 858
	3, 881
	3, 901
	3, 904
	3, 907
	3, 912
	3, 931
	3, 950
	3, 961
	3, 972
	3, 993
	1, 1064
	2, 1071
	3, 1090
	3, 1099
	3, 1105
	3, 1108
	3, 1131
	3, 1151
	3, 1154
	3, 1157
	3, 1162
	3, 1181
	3, 1200
	3, 1211
	3, 1222
	3, 1243
	1, 1314
	2, 1321
	3, 1340
	3, 1349
	3, 1355
	3, 1358
	3, 1381
	3, 1401
	3, 1404
	3, 1407
	3, 1412
	3, 1431
	3, 1450
	3, 1461
	3, 1472
	3, 1493
	1, 1564
	2, 1571
	3, 1590
	3, 1599
	3, 1605
	3, 1608
	3, 1631
	3, 1651
	3, 1654
	3, 1657
	3, 1662
	3, 1681
	3, 1700
	3, 1711
	3, 1722
	3, 1743
	1, 1814
	2, 1821
	3, 1840
	3, 1849
	3, 1855
	3, 1858
	3, 1881
	3, 1901
	3, 1904
	3, 1907
	3, 1912
	3, 1931
	3, 1950
	3, 1961
	3, 1972
	3, 1993
	1, 2064
	2, 2071
	3, 2090
	3, 2099
	3, 2105
	3, 2108
	3, 2131
	3, 2151
	3, 2154
	3, 2157
	3, 2162
	3, 2181
	3, 2200
	3, 2211
	3, 2222
	3, 2243
	1, 2314
	2, 2321
	3, 2340
	3, 2349
	3, 2355
	3, 2358
	3, 2381
	3, 2401
	3, 2404
	3, 2407
	3, 2412
	3, 2431
	3, 2450
	3, 2461
	3, 2472
	3, 2493
	1, 2564
	2, 2571
	3, 2590
	3, 2599
	3, 2605
	3, 2608
	3, 2631
	3, 2651
	3, 2654
	3, 2657
	3, 2662
	3, 2681
	3, 2700
	3, 2711
	3, 2722
	3, 2743
	1, 2814
	2, 2821
	3, 2840
	3, 2849
	3, 2855
	3, 2858
	3, 2881
	3, 2901
	3, 2904
	3, 2907
	3, 2912
	3, 2931
	3, 2950
	3, 2961
	3, 2972
	3, 2993
	1, 3064
	2, 3071
	3, 3090
	3, 3099
	3, 3105
	3, 3108
	3, 3131
	3, 3151
	3, 3154
	3, 3157
	3, 3162
	3, 3181
	3, 3200
	3, 3211
	3, 3222
	3, 3243
	1, 3314
	2, 3321
	3, 3340
	3, 3349
	3, 3355
	3, 3358
	3, 3381
	3, 3401
	3, 3404
	3, 3407
	3, 3412
	3, 3431
	3, 3450
	3, 3461
	3, 3472
	3, 3493
	1, 3564
	2, 3571
	3, 3590
	3, 3599
	3, 3605
	3, 3608
	3, 3631
	3, 3651
	3, 3654
	3, 3657
	3, 3662
	3, 3681
	3, 3700
	3, 3711
	3, 3722
	3, 3743
	1, 3814
	2, 3821
	3, 3840
	3, 3849
	3, 3855
	3, 3858
	3, 3881
	3, 3901
	3, 3904
	3, 3907
	3, 3912
	3, 3931
	3, 3950
	3, 3961
	3, 3972
	3, 3993
	1, 4064
	2, 4071
	3, 4090
	3, 4099
	3, 4105
	3, 4108
	3, 4131
	3, 4151
	3, 4154
	3, 4157
	3, 4162
	3, 4181
	3, 4200
	3, 4211
	3, 4222
	3, 4243
	1, 4314
	2, 4321
	3, 4340
	3, 4349
	3, 4355
	3, 4358
	3, 4381
	3, 4401
	3, 4404
	3, 4407
	3, 4412
	3, 4431
	3, 4450
	3, 4461
	3, 4472
	3, 4493
	1, 4564
	2, 4571
	3, 4590
	3, 4599
	3, 4605
	3, 4608
	3, 4631
	3, 4651
	3, 4654
	3, 4657
	3, 4662
	3, 4681
	3, 4700
	3, 4711
	3, 4722
	3, 4743
	1, 4814
	2, 4821
	3, 4840
	3, 4849
	3, 4855
	3, 4858
	3, 4881
	3, 4901
	3, 4904
	3, 4907
	3, 4912
	3, 4931
	3, 4950
	3, 4961
	3, 4972
	3, 4993
	1, 5064
	2, 5071
	3, 5090
	3, 5099
	3, 5105
	3, 5108
	3, 5131
	3, 5151
	3, 5154
	3, 5157
	3, 5162
	3, 5181
	3, 5200
	3, 5211
	3, 5222
	3, 5243
	1, 5314
	2, 5321
	3, 5340
	3, 5349
	3, 5355
	3, 5358
	3, 5381
	3, 5401
	3, 5404
	3, 5407
	3, 5412
	3, 5431
	3, 5450
	3, 5461
	3, 5472
	3, 5493
	1, 5564
	2, 5571
	3, 5590
	3, 5599
	3, 5605
	3, 5608
	3, 5631
	3, 5651
	3, 5654
	3, 5657
	3, 5662
	3, 5681
	3, 5700
	3, 5711
	3, 5722
	3, 5743
	1, 5814
	2, 5821
	3, 5840
	3, 5849
	3, 5855
	3, 5858
	3, 5881
	3, 5901
	3, 5904
	3, 5907
	3, 5912
	3, 5931
	3, 5950
	3, 5961
	3, 5972
	3, 5993
	1, 6064
	2, 6071
	3, 6090
	3, 6099
	3, 6105
	3, 6108
	3, 6131
	3, 6151
	3, 6154
	3, 6157
	3, 6162
	3, 6181
	3, 6200
	3, 6211
	3, 6222
	3, 6243
	1, 6314
	2, 6321
	3, 6340
	3, 6349
	3, 6355
	3, 6358
	3, 6381
	3, 6401
	3, 6404
	3, 6407
	3, 6412
	3, 6431
	3, 6450
	3, 6461
	3, 6472
	3, 6493
	1, 6564
	2, 6571
	3, 6590
	3, 6599
	3, 6605
	3, 6608
	3, 6631
	3, 6651
	3, 6654
	3, 6657
	3, 6662
	3, 6681
	3, 6700
	3, 6711
	3, 6722
	3, 6743
	1, 6814
	2, 6821
	3, 6840
	3, 6849
	3, 6855
	3, 6858
	3, 6881
	3, 6901
	3, 6904
	3, 6907
	3, 6912
	3, 6931
	3, 6950
	3, 6961
	3, 6972
	3, 6993
	1, 7064
	2, 7071
	3, 7090
	3, 7099
	3, 7105
	3, 7108
	3, 7131
	3, 7151
	3, 7154
	3, 7157
	3, 7162
	3, 7181
	3, 7200
	3, 7211
	3, 7222
	3, 7243
	1, 7314
	2, 7321
	3, 7340
	3, 7349
	3, 7355
	3, 7358
	3, 7381
	3, 7401
	3, 7404
	3, 7407
	3, 7412
	3, 7431
	3, 7450
	3, 7461
	3, 7472
	3, 7493
	1, 7564
	2, 7571
	3, 7590
	3, 7599
	3, 7605
	3, 7608
	3, 7631
	3, 7651
	3, 7654
	3, 7657
	3, 7662
	3, 7681
	3, 7700
	3, 7711
	3, 7722
	3, 7743
	1, 7814
	2, 7821
	3, 7840
	3, 7849
	3, 7855
	3, 7858
	3, 7881
	3, 7901
	3, 7904
	3, 7907
	3, 7912
	3, 7931
	3, 7950
	3, 7961
	3, 7972
	3, 7993
	1, 8064
	2, 8071
	3, 8090
	3, 8099
	3, 8105
	3, 8108
	3, 8131
	3, 8151
	3, 8154
	3, 8157
	3, 8162
	3, 8181
	3, 8200
	3, 8211
	3, 8222
	3, 8243
	1, 8314
	2, 8321
	3, 8340
	3, 8349
	3, 8355
	3, 8358
	3, 8381
	3, 8401
	3, 8404
	3, 8407
	3, 8412
	3, 8431
	3, 8450
	3, 8461
	3, 8472
	3, 8493
	1, 8564
	2, 8571
	3, 8590
	3, 8599
	3, 8605
	3, 8608
	3, 8631
	3, 8651
	3, 8654
	3, 8657
	3, 8662
	3, 8681
	3, 8700
	3, 8711
	3, 8722
	3, 8743
	1, 8814
	2, 8821
	3, 8840
	3, 8849
	3, 8855
	3, 8858
	3, 8881
	3, 8901
	3, 8904
	3, 8907
	3, 8912
	3, 8931
	3, 8950
	3, 8961
	3, 8972
	3, 8993
	1, 9064
	2, 9071
	3, 9090
	3, 9099
	3, 9105
	3, 9108
	3, 9131
	3, 9151
	3, 9154
	3, 9157
	3, 9162
	3, 9181
	3, 9200
	3, 9211
	3, 9222
	3, 9243
	1, 9314
	2, 9321
	3, 9340
	3, 9349
	3, 9355
	3, 9358
	3, 9381
	3, 9401
	3, 9404
	3, 9407
	3, 9412
	3, 9431
	3, 9450
	3, 9461
	3, 9472
	3, 9493
	1, 9564
	2, 9571
	3, 9590
	3, 9599
	3, 9605
	3, 9608
	3, 9631
	3, 9651
	3, 9654
	3, 9657
	3, 9662
	3, 9681
	3, 9700
	3, 9711
	3, 9722
	3, 9743
	1, 9814
	2, 9821
	3, 9840
	3, 9849
	3, 9855
	3, 9858
	3, 9881
	3, 9901
	3, 9904
	3, 9907
	3, 9912
	3, 9931
	3, 9950
	3, 9961
	3, 9972
	3, 9993
Time : 14 ms
---------------------------------
File : .\Levenstein\text\100000.txt
Str : tract
Duzina : 5
Pogadjanja  <= 3 : 
	1, 64
	2, 71
	3, 90
	3, 99
	3, 105
	3, 108
	3, 131
	3, 151
	3, 154
	3, 157
	3, 162
	3, 181
	3, 200
	3, 211
	3, 222
	3, 243
	1, 314
	2, 321
	3, 340
	3, 349
	3, 355
	3, 358
	3, 381
	3, 401
	3, 404
	3, 407
	3, 412
	3, 431
	3, 450
	3, 461
	3, 472
	3, 493
	1, 564
	2, 571
	3, 590
	3, 599
	3, 605
	3, 608
	3, 631
	3, 651
	3, 654
	3, 657
	3, 662
	3, 681
	3, 700
	3, 711
	3, 722
	3, 743
	1, 814
	2, 821
	3, 840
	3, 849
	3, 855
	3, 858
	3, 881
	3, 901
	3, 904
	3, 907
	3, 912
	3, 931
	3, 950
	3, 961
	3, 972
	3, 993
	1, 1064
	2, 1071
	3, 1090
	3, 1099
	3, 1105
	3, 1108
	3, 1131
	3, 1151
	3, 1154
	3, 1157
	3, 1162
	3, 1181
	3, 1200
	3, 1211
	3, 1222
	3, 1243
	1, 1314
	2, 1321
	3, 1340
	3, 1349
	3, 1355
	3, 1358
	3, 1381
	3, 1401
	3, 1404
	3, 1407
	3, 1412
	3, 1431
	3, 1450
	3, 1461
	3, 1472
	3, 1493
	1, 1564
	2, 1571
	3, 1590
	3, 1599
	3, 1605
	3, 1608
	3, 1631
	3, 1651
	3, 1654
	3, 1657
	3, 1662
	3, 1681
	3, 1700
	3, 1711
	3, 1722
	3, 1743
	1, 1814
	2, 1821
	3, 1840
	3, 1849
	3, 1855
	3, 1858
	3, 1881
	3, 1901
	3, 1904
	3, 1907
	3, 1912
	3, 1931
	3, 1950
	3, 1961
	3, 1972
	3, 1993
	1, 2064
	2, 2071
	3, 2090
	3, 2099
	3, 2105
	3, 2108
	3, 2131
	3, 2151
	3, 2154
	3, 2157
	3, 2162
	3, 2181
	3, 2200
	3, 2211
	3, 2222
	3, 2243
	1, 2314
	2, 2321
	3, 2340
	3, 2349
	3, 2355
	3, 2358
	3, 2381
	3, 2401
	3, 2404
	3, 2407
	3, 2412
	3, 2431
	3, 2450
	3, 2461
	3, 2472
	3, 2493
	1, 2564
	2, 2571
	3, 2590
	3, 2599
	3, 2605
	3, 2608
	3, 2631
	3, 2651
	3, 2654
	3, 2657
	3, 2662
	3, 2681
	3, 2700
	3, 2711
	3, 2722
	3, 2743
	1, 2814
	2, 2821
	3, 2840
	3, 2849
	3, 2855
	3, 2858
	3, 2881
	3, 2901
	3, 2904
	3, 2907
	3, 2912
	3, 2931
	3, 2950
	3, 2961
	3, 2972
	3, 2993
	1, 3064
	2, 3071
	3, 3090
	3, 3099
	3, 3105
	3, 3108
	3, 3131
	3, 3151
	3, 3154
	3, 3157
	3, 3162
	3, 3181
	3, 3200
	3, 3211
	3, 3222
	3, 3243
	1, 3314
	2, 3321
	3, 3340
	3, 3349
	3, 3355
	3, 3358
	3, 3381
	3, 3401
	3, 3404
	3, 3407
	3, 3412
	3, 3431
	3, 3450
	3, 3461
	3, 3472
	3, 3493
	1, 3564
	2, 3571
	3, 3590
	3, 3599
	3, 3605
	3, 3608
	3, 3631
	3, 3651
	3, 3654
	3, 3657
	3, 3662
	3, 3681
	3, 3700
	3, 3711
	3, 3722
	3, 3743
	1, 3814
	2, 3821
	3, 3840
	3, 3849
	3, 3855
	3, 3858
	3, 3881
	3, 3901
	3, 3904
	3, 3907
	3, 3912
	3, 3931
	3, 3950
	3, 3961
	3, 3972
	3, 3993
	1, 4064
	2, 4071
	3, 4090
	3, 4099
	3, 4105
	3, 4108
	3, 4131
	3, 4151
	3, 4154
	3, 4157
	3, 4162
	3, 4181
	3, 4200
	3, 4211
	3, 4222
	3, 4243
	1, 4314
	2, 4321
	3, 4340
	3, 4349
	3, 4355
	3, 4358
	3, 4381
	3, 4401
	3, 4404
	3, 4407
	3, 4412
	3, 4431
	3, 4450
	3, 4461
	3, 4472
	3, 4493
	1, 4564
	2, 4571
	3, 4590
	3, 4599
	3, 4605
	3, 4608
	3, 4631
	3, 4651
	3, 4654
	3, 4657
	3, 4662
	3, 4681
	3, 4700
	3, 4711
	3, 4722
	3, 4743
	1, 4814
	2, 4821
	3, 4840
	3, 4849
	3, 4855
	3, 4858
	3, 4881
	3, 4901
	3, 4904
	3, 4907
	3, 4912
	3, 4931
	3, 4950
	3, 4961
	3, 4972
	3, 4993
	1, 5064
	2, 5071
	3, 5090
	3, 5099
	3, 5105
	3, 5108
	3, 5131
	3, 5151
	3, 5154
	3, 5157
	3, 5162
	3, 5181
	3, 5200
	3, 5211
	3, 5222
	3, 5243
	1, 5314
	2, 5321
	3, 5340
	3, 5349
	3, 5355
	3, 5358
	3, 5381
	3, 5401
	3, 5404
	3, 5407
	3, 5412
	3, 5431
	3, 5450
	3, 5461
	3, 5472
	3, 5493
	1, 5564
	2, 5571
	3, 5590
	3, 5599
	3, 5605
	3, 5608
	3, 5631
	3, 5651
	3, 5654
	3, 5657
	3, 5662
	3, 5681
	3, 5700
	3, 5711
	3, 5722
	3, 5743
	1, 5814
	2, 5821
	3, 5840
	3, 5849
	3, 5855
	3, 5858
	3, 5881
	3, 5901
	3, 5904
	3, 5907
	3, 5912
	3, 5931
	3, 5950
	3, 5961
	3, 5972
	3, 5993
	1, 6064
	2, 6071
	3, 6090
	3, 6099
	3, 6105
	3, 6108
	3, 6131
	3, 6151
	3, 6154
	3, 6157
	3, 6162
	3, 6181
	3, 6200
	3, 6211
	3, 6222
	3, 6243
	1, 6314
	2, 6321
	3, 6340
	3, 6349
	3, 6355
	3, 6358
	3, 6381
	3, 6401
	3, 6404
	3, 6407
	3, 6412
	3, 6431
	3, 6450
	3, 6461
	3, 6472
	3, 6493
	1, 6564
	2, 6571
	3, 6590
	3, 6599
	3, 6605
	3, 6608
	3, 6631
	3, 6651
	3, 6654
	3, 6657
	3, 6662
	3, 6681
	3, 6700
	3, 6711
	3, 6722
	3, 6743
	1, 6814
	2, 6821
	3, 6840
	3, 6849
	3, 6855
	3, 6858
	3, 6881
	3, 6901
	3, 6904
	3, 6907
	3, 6912
	3, 6931
	3, 6950
	3, 6961
	3, 6972
	3, 6993
	1, 7064
	2, 7071
	3, 7090
	3, 7099
	3, 7105
	3, 7108
	3, 7131
	3, 7151
	3, 7154
	3, 7157
	3, 7162
	3, 7181
	3, 7200
	3, 7211
	3, 7222
	3, 7243
	1, 7314
	2, 7321
	3, 7340
	3, 7349
	3, 7355
	3, 7358
	3, 7381
	3, 7401
	3, 7404
	3, 7407
	3, 7412
	3, 7431
	3, 7450
	3, 7461
	3, 7472
	3, 7493
	1, 7564
	2, 7571
	3, 7590
	3, 7599
	3, 7605
	3, 7608
	3, 7631
	3, 7651
	3, 7654
	3, 7657
	3, 7662
	3, 7681
	3, 7700
	3, 7711
	3, 7722
	3, 7743
	1, 7814
	2, 7821
	3, 7840
	3, 7849
	3, 7855
	3, 7858
	3, 7881
	3, 7901
	3, 7904
	3, 7907
	3, 7912
	3, 7931
	3, 7950
	3, 7961
	3, 7972
	3, 7993
	1, 8064
	2, 8071
	3, 8090
	3, 8099
	3, 8105
	3, 8108
	3, 8131
	3, 8151
	3, 8154
	3, 8157
	3, 8162
	3, 8181
	3, 8200
	3, 8211
	3, 8222
	3, 8243
	1, 8314
	2, 8321
	3, 8340
	3, 8349
	3, 8355
	3, 8358
	3, 8381
	3, 8401
	3, 8404
	3, 8407
	3, 8412
	3, 8431
	3, 8450
	3, 8461
	3, 8472
	3, 8493
	1, 8564
	2, 8571
	3, 8590
	3, 8599
	3, 8605
	3, 8608
	3, 8631
	3, 8651
	3, 8654
	3, 8657
	3, 8662
	3, 8681
	3, 8700
	3, 8711
	3, 8722
	3, 8743
	1, 8814
	2, 8821
	3, 8840
	3, 8849
	3, 8855
	3, 8858
	3, 8881
	3, 8901
	3, 8904
	3, 8907
	3, 8912
	3, 8931
	3, 8950
	3, 8961
	3, 8972
	3, 8993
	1, 9064
	2, 9071
	3, 9090
	3, 9099
	3, 9105
	3, 9108
	3, 9131
	3, 9151
	3, 9154
	3, 9157
	3, 9162
	3, 9181
	3, 9200
	3, 9211
	3, 9222
	3, 9243
	1, 9314
	2, 9321
	3, 9340
	3, 9349
	3, 9355
	3, 9358
	3, 9381
	3, 9401
	3, 9404
	3, 9407
	3, 9412
	3, 9431
	3, 9450
	3, 9461
	3, 9472
	3, 9493
	1, 9564
	2, 9571
	3, 9590
	3, 9599
	3, 9605
	3, 9608
	3, 9631
	3, 9651
	3, 9654
	3, 9657
	3, 9662
	3, 9681
	3, 9700
	3, 9711
	3, 9722
	3, 9743
	1, 9814
	2, 9821
	3, 9840
	3, 9849
	3, 9855
	3, 9858
	3, 9881
	3, 9901
	3, 9904
	3, 9907
	3, 9912
	3, 9931
	3, 9950
	3, 9961
	3, 9972
	3, 9993
	1, 10064
	2, 10071
	3, 10090
	3, 10099
	3, 10105
	3, 10108
	3, 10131
	3, 10151
	3, 10154
	3, 10157
	3, 10162
	3, 10181
	3, 10200
	3, 10211
	3, 10222
	3, 10243
	1, 10314
	2, 10321
	3, 10340
	3, 10349
	3, 10355
	3, 10358
	3, 10381
	3, 10401
	3, 10404
	3, 10407
	3, 10412
	3, 10431
	3, 10450
	3, 10461
	3, 10472
	3, 10493
	1, 10564
	2, 10571
	3, 10590
	3, 10599
	3, 10605
	3, 10608
	3, 10631
	3, 10651
	3, 10654
	3, 10657
	3, 10662
	3, 10681
	3, 10700
	3, 10711
	3, 10722
	3, 10743
	1, 10814
	2, 10821
	3, 10840
	3, 10849
	3, 10855
	3, 10858
	3, 10881
	3, 10901
	3, 10904
	3, 10907
	3, 10912
	3, 10931
	3, 10950
	3, 10961
	3, 10972
	3, 10993
	1, 11064
	2, 11071
	3, 11090
	3, 11099
	3, 11105
	3, 11108
	3, 11131
	3, 11151
	3, 11154
	3, 11157
	3, 11162
	3, 11181
	3, 11200
	3, 11211
	3, 11222
	3, 11243
	1, 11314
	2, 11321
	3, 11340
	3, 11349
	3, 11355
	3, 11358
	3, 11381
	3, 11401
	3, 11404
	3, 11407
	3, 11412
	3, 11431
	3, 11450
	3, 11461
	3, 11472
	3, 11493
	1, 11564
	2, 11571
	3, 11590
	3, 11599
	3, 11605
	3, 11608
	3, 11631
	3, 11651
	3, 11654
	3, 11657
	3, 11662
	3, 11681
	3, 11700
	3, 11711
	3, 11722
	3, 11743
	1, 11814
	2, 11821
	3, 11840
	3, 11849
	3, 11855
	3, 11858
	3, 11881
	3, 11901
	3, 11904
	3, 11907
	3, 11912
	3, 11931
	3, 11950
	3, 11961
	3, 11972
	3, 11993
	1, 12064
	2, 12071
	3, 12090
	3, 12099
	3, 12105
	3, 12108
	3, 12131
	3, 12151
	3, 12154
	3, 12157
	3, 12162
	3, 12181
	3, 12200
	3, 12211
	3, 12222
	3, 12243
	1, 12314
	2, 12321
	3, 12340
	3, 12349
	3, 12355
	3, 12358
	3, 12381
	3, 12401
	3, 12404
	3, 12407
	3, 12412
	3, 12431
	3, 12450
	3, 12461
	3, 12472
	3, 12493
	1, 12564
	2, 12571
	3, 12590
	3, 12599
	3, 12605
	3, 12608
	3, 12631
	3, 12651
	3, 12654
	3, 12657
	3, 12662
	3, 12681
	3, 12700
	3, 12711
	3, 12722
	3, 12743
	1, 12814
	2, 12821
	3, 12840
	3, 12849
	3, 12855
	3, 12858
	3, 12881
	3, 12901
	3, 12904
	3, 12907
	3, 12912
	3, 12931
	3, 12950
	3, 12961
	3, 12972
	3, 12993
	1, 13064
	2, 13071
	3, 13090
	3, 13099
	3, 13105
	3, 13108
	3, 13131
	3, 13151
	3, 13154
	3, 13157
	3, 13162
	3, 13181
	3, 13200
	3, 13211
	3, 13222
	3, 13243
	1, 13314
	2, 13321
	3, 13340
	3, 13349
	3, 13355
	3, 13358
	3, 13381
	3, 13401
	3, 13404
	3, 13407
	3, 13412
	3, 13431
	3, 13450
	3, 13461
	3, 13472
	3, 13493
	1, 13564
	2, 13571
	3, 13590
	3, 13599
	3, 13605
	3, 13608
	3, 13631
	3, 13651
	3, 13654
	3, 13657
	3, 13662
	3, 13681
	3, 13700
	3, 13711
	3, 13722
	3, 13743
	1, 13814
	2, 13821
	3, 13840
	3, 13849
	3, 13855
	3, 13858
	3, 13881
	3, 13901
	3, 13904
	3, 13907
	3, 13912
	3, 13931
	3, 13950
	3, 13961
	3, 13972
	3, 13993
	1, 14064
	2, 14071
	3, 14090
	3, 14099
	3, 14105
	3, 14108
	3, 14131
	3, 14151
	3, 14154
	3, 14157
	3, 14162
	3, 14181
	3, 14200
	3, 14211
	3, 14222
	3, 14243
	1, 14314
	2, 14321
	3, 14340
	3, 14349
	3, 14355
	3, 14358
	3, 14381
	3, 14401
	3, 14404
	3, 14407
	3, 14412
	3, 14431
	3, 14450
	3, 14461
	3, 14472
	3, 14493
	1, 14564
	2, 14571
	3, 14590
	3, 14599
	3, 14605
	3, 14608
	3, 14631
	3, 14651
	3, 14654
	3, 14657
	3, 14662
	3, 14681
	3, 14700
	3, 14711
	3, 14722
	3, 14743
	1, 14814
	2, 14821
	3, 14840
	3, 14849
	3, 14855
	3, 14858
	3, 14881
	3, 14901
	3, 14904
	3, 14907
	3, 14912
	3, 14931
	3, 14950
	3, 14961
	3, 14972
	3, 14993
	1, 15064
	2, 15071
	3, 15090
	3, 15099
	3, 15105
	3, 15108
	3, 15131
	3, 15151
	3, 15154
	3, 15157
	3, 15162
	3, 15181
	3, 15200
	3, 15211
	3, 15222
	3, 15243
	1, 15314
	2, 15321
	3, 15340
	3, 15349
	3, 15355
	3, 15358
	3, 15381
	3, 15401
	3, 15404
	3, 15407
	3, 15412
	3, 15431
	3, 15450
	3, 15461
	3, 15472
	3, 15493
	1, 15564
	2, 15571
	3, 15590
	3, 15599
	3, 15605
	3, 15608
	3, 15631
	3, 15651
	3, 15654
	3, 15657
	3, 15662
	3, 15681
	3, 15700
	3, 15711
	3, 15722
	3, 15743
	1, 15814
	2, 15821
	3, 15840
	3, 15849
	3, 15855
	3, 15858
	3, 15881
	3, 15901
	3, 15904
	3, 15907
	3, 15912
	3, 15931
	3, 15950
	3, 15961
	3, 15972
	3, 15993
	1, 16064
	2, 16071
	3, 16090
	3, 16099
	3, 16105
	3, 16108
	3, 16131
	3, 16151
	3, 16154
	3, 16157
	3, 16162
	3, 16181
	3, 16200
	3, 16211
	3, 16222
	3, 16243
	1, 16314
	2, 16321
	3, 16340
	3, 16349
	3, 16355
	3, 16358
	3, 16381
	3, 16401
	3, 16404
	3, 16407
	3, 16412
	3, 16431
	3, 16450
	3, 16461
	3, 16472
	3, 16493
	1, 16564
	2, 16571
	3, 16590
	3, 16599
	3, 16605
	3, 16608
	3, 16631
	3, 16651
	3, 16654
	3, 16657
	3, 16662
	3, 16681
	3, 16700
	3, 16711
	3, 16722
	3, 16743
	1, 16814
	2, 16821
	3, 16840
	3, 16849
	3, 16855
	3, 16858
	3, 16881
	3, 16901
	3, 16904
	3, 16907
	3, 16912
	3, 16931
	3, 16950
	3, 16961
	3, 16972
	3, 16993
	1, 17064
	2, 17071
	3, 17090
	3, 17099
	3, 17105
	3, 17108
	3, 17131
	3, 17151
	3, 17154
	3, 17157
	3, 17162
	3, 17181
	3, 17200
	3, 17211
	3, 17222
	3, 17243
	1, 17314
	2, 17321
	3, 17340
	3, 17349
	3, 17355
	3, 17358
	3, 17381
	3, 17401
	3, 17404
	3, 17407
	3, 17412
	3, 17431
	3, 17450
	3, 17461
	3, 17472
	3, 17493
	1, 17564
	2, 17571
	3, 17590
	3, 17599
	3, 17605
	3, 17608
	3, 17631
	3, 17651
	3, 17654
	3, 17657
	3, 17662
	3, 17681
	3, 17700
	3, 17711
	3, 17722
	3, 17743
	1, 17814
	2, 17821
	3, 17840
	3, 17849
	3, 17855
	3, 17858
	3, 17881
	3, 17901
	3, 17904
	3, 17907
	3, 17912
	3, 17931
	3, 17950
	3, 17961
	3, 17972
	3, 17993
	1, 18064
	2, 18071
	3, 18090
	3, 18099
	3, 18105
	3, 18108
	3, 18131
	3, 18151
	3, 18154
	3, 18157
	3, 18162
	3, 18181
	3, 18200
	3, 18211
	3, 18222
	3, 18243
	1, 18314
	2, 18321
	3, 18340
	3, 18349
	3, 18355
	3, 18358
	3, 18381
	3, 18401
	3, 18404
	3, 18407
	3, 18412
	3, 18431
	3, 18450
	3, 18461
	3, 18472
	3, 18493
	1, 18564
	2, 18571
	3, 18590
	3, 18599
	3, 18605
	3, 18608
	3, 18631
	3, 18651
	3, 18654
	3, 18657
	3, 18662
	3, 18681
	3, 18700
	3, 18711
	3, 18722
	3, 18743
	1, 18814
	2, 18821
	3, 18840
	3, 18849
	3, 18855
	3, 18858
	3, 18881
	3, 18901
	3, 18904
	3, 18907
	3, 18912
	3, 18931
	3, 18950
	3, 18961
	3, 18972
	3, 18993
	1, 19064
	2, 19071
	3, 19090
	3, 19099
	3, 19105
	3, 19108
	3, 19131
	3, 19151
	3, 19154
	3, 19157
	3, 19162
	3, 19181
	3, 19200
	3, 19211
	3, 19222
	3, 19243
	1, 19314
	2, 19321
	3, 19340
	3, 19349
	3, 19355
	3, 19358
	3, 19381
	3, 19401
	3, 19404
	3, 19407
	3, 19412
	3, 19431
	3, 19450
	3, 19461
	3, 19472
	3, 19493
	1, 19564
	2, 19571
	3, 19590
	3, 19599
	3, 19605
	3, 19608
	3, 19631
	3, 19651
	3, 19654
	3, 19657
	3, 19662
	3, 19681
	3, 19700
	3, 19711
	3, 19722
	3, 19743
	1, 19814
	2, 19821
	3, 19840
	3, 19849
	3, 19855
	3, 19858
	3, 19881
	3, 19901
	3, 19904
	3, 19907
	3, 19912
	3, 19931
	3, 19950
	3, 19961
	3, 19972
	3, 19993
	1, 20064
	2, 20071
	3, 20090
	3, 20099
	3, 20105
	3, 20108
	3, 20131
	3, 20151
	3, 20154
	3, 20157
	3, 20162
	3, 20181
	3, 20200
	3, 20211
	3, 20222
	3, 20243
	1, 20314
	2, 20321
	3, 20340
	3, 20349
	3, 20355
	3, 20358
	3, 20381
	3, 20401
	3, 20404
	3, 20407
	3, 20412
	3, 20431
	3, 20450
	3, 20461
	3, 20472
	3, 20493
	1, 20564
	2, 20571
	3, 20590
	3, 20599
	3, 20605
	3, 20608
	3, 20631
	3, 20651
	3, 20654
	3, 20657
	3, 20662
	3, 20681
	3, 20700
	3, 20711
	3, 20722
	3, 20743
	1, 20814
	2, 20821
	3, 20840
	3, 20849
	3, 20855
	3, 20858
	3, 20881
	3, 20901
	3, 20904
	3, 20907
	3, 20912
	3, 20931
	3, 20950
	3, 20961
	3, 20972
	3, 20993
	1, 21064
	2, 21071
	3, 21090
	3, 21099
	3, 21105
	3, 21108
	3, 21131
	3, 21151
	3, 21154
	3, 21157
	3, 21162
	3, 21181
	3, 21200
	3, 21211
	3, 21222
	3, 21243
	1, 21314
	2, 21321
	3, 21340
	3, 21349
	3, 21355
	3, 21358
	3, 21381
	3, 21401
	3, 21404
	3, 21407
	3, 21412
	3, 21431
	3, 21450
	3, 21461
	3, 21472
	3, 21493
	1, 21564
	2, 21571
	3, 21590
	3, 21599
	3, 21605
	3, 21608
	3, 21631
	3, 21651
	3, 21654
	3, 21657
	3, 21662
	3, 21681
	3, 21700
	3, 21711
	3, 21722
	3, 21743
	1, 21814
	2, 21821
	3, 21840
	3, 21849
	3, 21855
	3, 21858
	3, 21881
	3, 21901
	3, 21904
	3, 21907
	3, 21912
	3, 21931
	3, 21950
	3, 21961
	3, 21972
	3, 21993
	1, 22064
	2, 22071
	3, 22090
	3, 22099
	3, 22105
	3, 22108
	3, 22131
	3, 22151
	3, 22154
	3, 22157
	3, 22162
	3, 22181
	3, 22200
	3, 22211
	3, 22222
	3, 22243
	1, 22314
	2, 22321
	3, 22340
	3, 22349
	3, 22355
	3, 22358
	3, 22381
	3, 22401
	3, 22404
	3, 22407
	3, 22412
	3, 22431
	3, 22450
	3, 22461
	3, 22472
	3, 22493
	1, 22564
	2, 22571
	3, 22590
	3, 22599
	3, 22605
	3, 22608
	3, 22631
	3, 22651
	3, 22654
	3, 22657
	3, 22662
	3, 22681
	3, 22700
	3, 22711
	3, 22722
	3, 22743
	1, 22814
	2, 22821
	3, 22840
	3, 22849
	3, 22855
	3, 22858
	3, 22881
	3, 22901
	3, 22904
	3, 22907
	3, 22912
	3, 22931
	3, 22950
	3, 22961
	3, 22972
	3, 22993
	1, 23064
	2, 23071
	3, 23090
	3, 23099
	3, 23105
	3, 23108
	3, 23131
	3, 23151
	3, 23154
	3, 23157
	3, 23162
	3, 23181
	3, 23200
	3, 23211
	3, 23222
	3, 23243
	1, 23314
	2, 23321
	3, 23340
	3, 23349
	3, 23355
	3, 23358
	3, 23381
	3, 23401
	3, 23404
	3, 23407
	3, 23412
	3, 23431
	3, 23450
	3, 23461
	3, 23472
	3, 23493
	1, 23564
	2, 23571
	3, 23590
	3, 23599
	3, 23605
	3, 23608
	3, 23631
	3, 23651
	3, 23654
	3, 23657
	3, 23662
	3, 23681
	3, 23700
	3, 23711
	3, 23722
	3, 23743
	1, 23814
	2, 23821
	3, 23840
	3, 23849
	3, 23855
	3, 23858
	3, 23881
	3, 23901
	3, 23904
	3, 23907
	3, 23912
	3, 23931
	3, 23950
	3, 23961
	3, 23972
	3, 23993
	1, 24064
	2, 24071
	3, 24090
	3, 24099
	3, 24105
	3, 24108
	3, 24131
	3, 24151
	3, 24154
	3, 24157
	3, 24162
	3, 24181
	3, 24200
	3, 24211
	3, 24222
	3, 24243
	1, 24314
	2, 24321
	3, 24340
	3, 24349
	3, 24355
	3, 24358
	3, 24381
	3, 24401
	3, 24404
	3, 24407
	3, 24412
	3, 24431
	3, 24450
	3, 24461
	3, 24472
	3, 24493
	1, 24564
	2, 24571
	3, 24590
	3, 24599
	3, 24605
	3, 24608
	3, 24631
	3, 24651
	3, 24654
	3, 24657
	3, 24662
	3, 24681
	3, 24700
	3, 24711
	3, 24722
	3, 24743
	1, 24814
	2, 24821
	3, 24840
	3, 24849
	3, 24855
	3, 24858
	3, 24881
	3, 24901
	3, 24904
	3, 24907
	3, 24912
	3, 24931
	3, 24950
	3, 24961
	3, 24972
	3, 24993
	1, 25064
	2, 25071
	3, 25090
	3, 25099
	3, 25105
	3, 25108
	3, 25131
	3, 25151
	3, 25154
	3, 25157
	3, 25162
	3, 25181
	3, 25200
	3, 25211
	3, 25222
	3, 25243
	1, 25314
	2, 25321
	3, 25340
	3, 25349
	3, 25355
	3, 25358
	3, 25381
	3, 25401
	3, 25404
	3, 25407
	3, 25412
	3, 25431
	3, 25450
	3, 25461
	3, 25472
	3, 25493
	1, 25564
	2, 25571
	3, 25590
	3, 25599
	3, 25605
	3, 25608
	3, 25631
	3, 25651
	3, 25654
	3, 25657
	3, 25662
	3, 25681
	3, 25700
	3, 25711
	3, 25722
	3, 25743
	1, 25814
	2, 25821
	3, 25840
	3, 25849
	3, 25855
	3, 25858
	3, 25881
	3, 25901
	3, 25904
	3, 25907
	3, 25912
	3, 25931
	3, 25950
	3, 25961
	3, 25972
	3, 25993
	1, 26064
	2, 26071
	3, 26090
	3, 26099
	3, 26105
	3, 26108
	3, 26131
	3, 26151
	3, 26154
	3, 26157
	3, 26162
	3, 26181
	3, 26200
	3, 26211
	3, 26222
	3, 26243
	1, 26314
	2, 26321
	3, 26340
	3, 26349
	3, 26355
	3, 26358
	3, 26381
	3, 26401
	3, 26404
	3, 26407
	3, 26412
	3, 26431
	3, 26450
	3, 26461
	3, 26472
	3, 26493
	1, 26564
	2, 26571
	3, 26590
	3, 26599
	3, 26605
	3, 26608
	3, 26631
	3, 26651
	3, 26654
	3, 26657
	3, 26662
	3, 26681
	3, 26700
	3, 26711
	3, 26722
	3, 26743
	1, 26814
	2, 26821
	3, 26840
	3, 26849
	3, 26855
	3, 26858
	3, 26881
	3, 26901
	3, 26904
	3, 26907
	3, 26912
	3, 26931
	3, 26950
	3, 26961
	3, 26972
	3, 26993
	1, 27064
	2, 27071
	3, 27090
	3, 27099
	3, 27105
	3, 27108
	3, 27131
	3, 27151
	3, 27154
	3, 27157
	3, 27162
	3, 27181
	3, 27200
	3, 27211
	3, 27222
	3, 27243
	1, 27314
	2, 27321
	3, 27340
	3, 27349
	3, 27355
	3, 27358
	3, 27381
	3, 27401
	3, 27404
	3, 27407
	3, 27412
	3, 27431
	3, 27450
	3, 27461
	3, 27472
	3, 27493
	1, 27564
	2, 27571
	3, 27590
	3, 27599
	3, 27605
	3, 27608
	3, 27631
	3, 27651
	3, 27654
	3, 27657
	3, 27662
	3, 27681
	3, 27700
	3, 27711
	3, 27722
	3, 27743
	1, 27814
	2, 27821
	3, 27840
	3, 27849
	3, 27855
	3, 27858
	3, 27881
	3, 27901
	3, 27904
	3, 27907
	3, 27912
	3, 27931
	3, 27950
	3, 27961
	3, 27972
	3, 27993
	1, 28064
	2, 28071
	3, 28090
	3, 28099
	3, 28105
	3, 28108
	3, 28131
	3, 28151
	3, 28154
	3, 28157
	3, 28162
	3, 28181
	3, 28200
	3, 28211
	3, 28222
	3, 28243
	1, 28314
	2, 28321
	3, 28340
	3, 28349
	3, 28355
	3, 28358
	3, 28381
	3, 28401
	3, 28404
	3, 28407
	3, 28412
	3, 28431
	3, 28450
	3, 28461
	3, 28472
	3, 28493
	1, 28564
	2, 28571
	3, 28590
	3, 28599
	3, 28605
	3, 28608
	3, 28631
	3, 28651
	3, 28654
	3, 28657
	3, 28662
	3, 28681
	3, 28700
	3, 28711
	3, 28722
	3, 28743
	1, 28814
	2, 28821
	3, 28840
	3, 28849
	3, 28855
	3, 28858
	3, 28881
	3, 28901
	3, 28904
	3, 28907
	3, 28912
	3, 28931
	3, 28950
	3, 28961
	3, 28972
	3, 28993
	1, 29064
	2, 29071
	3, 29090
	3, 29099
	3, 29105
	3, 29108
	3, 29131
	3, 29151
	3, 29154
	3, 29157
	3, 29162
	3, 29181
	3, 29200
	3, 29211
	3, 29222
	3, 29243
	1, 29314
	2, 29321
	3, 29340
	3, 29349
	3, 29355
	3, 29358
	3, 29381
	3, 29401
	3, 29404
	3, 29407
	3, 29412
	3, 29431
	3, 29450
	3, 29461
	3, 29472
	3, 29493
	1, 29564
	2, 29571
	3, 29590
	3, 29599
	3, 29605
	3, 29608
	3, 29631
	3, 29651
	3, 29654
	3, 29657
	3, 29662
	3, 29681
	3, 29700
	3, 29711
	3, 29722
	3, 29743
	1, 29814
	2, 29821
	3, 29840
	3, 29849
	3, 29855
	3, 29858
	3, 29881
	3, 29901
	3, 29904
	3, 29907
	3, 29912
	3, 29931
	3, 29950
	3, 29961
	3, 29972
	3, 29993
	1, 30064
	2, 30071
	3, 30090
	3, 30099
	3, 30105
	3, 30108
	3, 30131
	3, 30151
	3, 30154
	3, 30157
	3, 30162
	3, 30181
	3, 30200
	3, 30211
	3, 30222
	3, 30243
	1, 30314
	2, 30321
	3, 30340
	3, 30349
	3, 30355
	3, 30358
	3, 30381
	3, 30401
	3, 30404
	3, 30407
	3, 30412
	3, 30431
	3, 30450
	3, 30461
	3, 30472
	3, 30493
	1, 30564
	2, 30571
	3, 30590
	3, 30599
	3, 30605
	3, 30608
	3, 30631
	3, 30651
	3, 30654
	3, 30657
	3, 30662
	3, 30681
	3, 30700
	3, 30711
	3, 30722
	3, 30743
	1, 30814
	2, 30821
	3, 30840
	3, 30849
	3, 30855
	3, 30858
	3, 30881
	3, 30901
	3, 30904
	3, 30907
	3, 30912
	3, 30931
	3, 30950
	3, 30961
	3, 30972
	3, 30993
	1, 31064
	2, 31071
	3, 31090
	3, 31099
	3, 31105
	3, 31108
	3, 31131
	3, 31151
	3, 31154
	3, 31157
	3, 31162
	3, 31181
	3, 31200
	3, 31211
	3, 31222
	3, 31243
	1, 31314
	2, 31321
	3, 31340
	3, 31349
	3, 31355
	3, 31358
	3, 31381
	3, 31401
	3, 31404
	3, 31407
	3, 31412
	3, 31431
	3, 31450
	3, 31461
	3, 31472
	3, 31493
	1, 31564
	2, 31571
	3, 31590
	3, 31599
	3, 31605
	3, 31608
	3, 31631
	3, 31651
	3, 31654
	3, 31657
	3, 31662
	3, 31681
	3, 31700
	3, 31711
	3, 31722
	3, 31743
	1, 31814
	2, 31821
	3, 31840
	3, 31849
	3, 31855
	3, 31858
	3, 31881
	3, 31901
	3, 31904
	3, 31907
	3, 31912
	3, 31931
	3, 31950
	3, 31961
	3, 31972
	3, 31993
	1, 32064
	2, 32071
	3, 32090
	3, 32099
	3, 32105
	3, 32108
	3, 32131
	3, 32151
	3, 32154
	3, 32157
	3, 32162
	3, 32181
	3, 32200
	3, 32211
	3, 32222
	3, 32243
	1, 32314
	2, 32321
	3, 32340
	3, 32349
	3, 32355
	3, 32358
	3, 32381
	3, 32401
	3, 32404
	3, 32407
	3, 32412
	3, 32431
	3, 32450
	3, 32461
	3, 32472
	3, 32493
	1, 32564
	2, 32571
	3, 32590
	3, 32599
	3, 32605
	3, 32608
	3, 32631
	3, 32651
	3, 32654
	3, 32657
	3, 32662
	3, 32681
	3, 32700
	3, 32711
	3, 32722
	3, 32743
	1, 32814
	2, 32821
	3, 32840
	3, 32849
	3, 32855
	3, 32858
	3, 32881
	3, 32901
	3, 32904
	3, 32907
	3, 32912
	3, 32931
	3, 32950
	3, 32961
	3, 32972
	3, 32993
	1, 33064
	2, 33071
	3, 33090
	3, 33099
	3, 33105
	3, 33108
	3, 33131
	3, 33151
	3, 33154
	3, 33157
	3, 33162
	3, 33181
	3, 33200
	3, 33211
	3, 33222
	3, 33243
	1, 33314
	2, 33321
	3, 33340
	3, 33349
	3, 33355
	3, 33358
	3, 33381
	3, 33401
	3, 33404
	3, 33407
	3, 33412
	3, 33431
	3, 33450
	3, 33461
	3, 33472
	3, 33493
	1, 33564
	2, 33571
	3, 33590
	3, 33599
	3, 33605
	3, 33608
	3, 33631
	3, 33651
	3, 33654
	3, 33657
	3, 33662
	3, 33681
	3, 33700
	3, 33711
	3, 33722
	3, 33743
	1, 33814
	2, 33821
	3, 33840
	3, 33849
	3, 33855
	3, 33858
	3, 33881
	3, 33901
	3, 33904
	3, 33907
	3, 33912
	3, 33931
	3, 33950
	3, 33961
	3, 33972
	3, 33993
	1, 34064
	2, 34071
	3, 34090
	3, 34099
	3, 34105
	3, 34108
	3, 34131
	3, 34151
	3, 34154
	3, 34157
	3, 34162
	3, 34181
	3, 34200
	3, 34211
	3, 34222
	3, 34243
	1, 34314
	2, 34321
	3, 34340
	3, 34349
	3, 34355
	3, 34358
	3, 34381
	3, 34401
	3, 34404
	3, 34407
	3, 34412
	3, 34431
	3, 34450
	3, 34461
	3, 34472
	3, 34493
	1, 34564
	2, 34571
	3, 34590
	3, 34599
	3, 34605
	3, 34608
	3, 34631
	3, 34651
	3, 34654
	3, 34657
	3, 34662
	3, 34681
	3, 34700
	3, 34711
	3, 34722
	3, 34743
	1, 34814
	2, 34821
	3, 34840
	3, 34849
	3, 34855
	3, 34858
	3, 34881
	3, 34901
	3, 34904
	3, 34907
	3, 34912
	3, 34931
	3, 34950
	3, 34961
	3, 34972
	3, 34993
	1, 35064
	2, 35071
	3, 35090
	3, 35099
	3, 35105
	3, 35108
	3, 35131
	3, 35151
	3, 35154
	3, 35157
	3, 35162
	3, 35181
	3, 35200
	3, 35211
	3, 35222
	3, 35243
	1, 35314
	2, 35321
	3, 35340
	3, 35349
	3, 35355
	3, 35358
	3, 35381
	3, 35401
	3, 35404
	3, 35407
	3, 35412
	3, 35431
	3, 35450
	3, 35461
	3, 35472
	3, 35493
	1, 35564
	2, 35571
	3, 35590
	3, 35599
	3, 35605
	3, 35608
	3, 35631
	3, 35651
	3, 35654
	3, 35657
	3, 35662
	3, 35681
	3, 35700
	3, 35711
	3, 35722
	3, 35743
	1, 35814
	2, 35821
	3, 35840
	3, 35849
	3, 35855
	3, 35858
	3, 35881
	3, 35901
	3, 35904
	3, 35907
	3, 35912
	3, 35931
	3, 35950
	3, 35961
	3, 35972
	3, 35993
	1, 36064
	2, 36071
	3, 36090
	3, 36099
	3, 36105
	3, 36108
	3, 36131
	3, 36151
	3, 36154
	3, 36157
	3, 36162
	3, 36181
	3, 36200
	3, 36211
	3, 36222
	3, 36243
	1, 36314
	2, 36321
	3, 36340
	3, 36349
	3, 36355
	3, 36358
	3, 36381
	3, 36401
	3, 36404
	3, 36407
	3, 36412
	3, 36431
	3, 36450
	3, 36461
	3, 36472
	3, 36493
	1, 36564
	2, 36571
	3, 36590
	3, 36599
	3, 36605
	3, 36608
	3, 36631
	3, 36651
	3, 36654
	3, 36657
	3, 36662
	3, 36681
	3, 36700
	3, 36711
	3, 36722
	3, 36743
	1, 36814
	2, 36821
	3, 36840
	3, 36849
	3, 36855
	3, 36858
	3, 36881
	3, 36901
	3, 36904
	3, 36907
	3, 36912
	3, 36931
	3, 36950
	3, 36961
	3, 36972
	3, 36993
	1, 37064
	2, 37071
	3, 37090
	3, 37099
	3, 37105
	3, 37108
	3, 37131
	3, 37151
	3, 37154
	3, 37157
	3, 37162
	3, 37181
	3, 37200
	3, 37211
	3, 37222
	3, 37243
	1, 37314
	2, 37321
	3, 37340
	3, 37349
	3, 37355
	3, 37358
	3, 37381
	3, 37401
	3, 37404
	3, 37407
	3, 37412
	3, 37431
	3, 37450
	3, 37461
	3, 37472
	3, 37493
	1, 37564
	2, 37571
	3, 37590
	3, 37599
	3, 37605
	3, 37608
	3, 37631
	3, 37651
	3, 37654
	3, 37657
	3, 37662
	3, 37681
	3, 37700
	3, 37711
	3, 37722
	3, 37743
	1, 37814
	2, 37821
	3, 37840
	3, 37849
	3, 37855
	3, 37858
	3, 37881
	3, 37901
	3, 37904
	3, 37907
	3, 37912
	3, 37931
	3, 37950
	3, 37961
	3, 37972
	3, 37993
	1, 38064
	2, 38071
	3, 38090
	3, 38099
	3, 38105
	3, 38108
	3, 38131
	3, 38151
	3, 38154
	3, 38157
	3, 38162
	3, 38181
	3, 38200
	3, 38211
	3, 38222
	3, 38243
	1, 38314
	2, 38321
	3, 38340
	3, 38349
	3, 38355
	3, 38358
	3, 38381
	3, 38401
	3, 38404
	3, 38407
	3, 38412
	3, 38431
	3, 38450
	3, 38461
	3, 38472
	3, 38493
	1, 38564
	2, 38571
	3, 38590
	3, 38599
	3, 38605
	3, 38608
	3, 38631
	3, 38651
	3, 38654
	3, 38657
	3, 38662
	3, 38681
	3, 38700
	3, 38711
	3, 38722
	3, 38743
	1, 38814
	2, 38821
	3, 38840
	3, 38849
	3, 38855
	3, 38858
	3, 38881
	3, 38901
	3, 38904
	3, 38907
	3, 38912
	3, 38931
	3, 38950
	3, 38961
	3, 38972
	3, 38993
	1, 39064
	2, 39071
	3, 39090
	3, 39099
	3, 39105
	3, 39108
	3, 39131
	3, 39151
	3, 39154
	3, 39157
	3, 39162
	3, 39181
	3, 39200
	3, 39211
	3, 39222
	3, 39243
	1, 39314
	2, 39321
	3, 39340
	3, 39349
	3, 39355
	3, 39358
	3, 39381
	3, 39401
	3, 39404
	3, 39407
	3, 39412
	3, 39431
	3, 39450
	3, 39461
	3, 39472
	3, 39493
	1, 39564
	2, 39571
	3, 39590
	3, 39599
	3, 39605
	3, 39608
	3, 39631
	3, 39651
	3, 39654
	3, 39657
	3, 39662
	3, 39681
	3, 39700
	3, 39711
	3, 39722
	3, 39743
	1, 39814
	2, 39821
	3, 39840
	3, 39849
	3, 39855
	3, 39858
	3, 39881
	3, 39901
	3, 39904
	3, 39907
	3, 39912
	3, 39931
	3, 39950
	3, 39961
	3, 39972
	3, 39993
	1, 40064
	2, 40071
	3, 40090
	3, 40099
	3, 40105
	3, 40108
	3, 40131
	3, 40151
	3, 40154
	3, 40157
	3, 40162
	3, 40181
	3, 40200
	3, 40211
	3, 40222
	3, 40243
	1, 40314
	2, 40321
	3, 40340
	3, 40349
	3, 40355
	3, 40358
	3, 40381
	3, 40401
	3, 40404
	3, 40407
	3, 40412
	3, 40431
	3, 40450
	3, 40461
	3, 40472
	3, 40493
	1, 40564
	2, 40571
	3, 40590
	3, 40599
	3, 40605
	3, 40608
	3, 40631
	3, 40651
	3, 40654
	3, 40657
	3, 40662
	3, 40681
	3, 40700
	3, 40711
	3, 40722
	3, 40743
	1, 40814
	2, 40821
	3, 40840
	3, 40849
	3, 40855
	3, 40858
	3, 40881
	3, 40901
	3, 40904
	3, 40907
	3, 40912
	3, 40931
	3, 40950
	3, 40961
	3, 40972
	3, 40993
	1, 41064
	2, 41071
	3, 41090
	3, 41099
	3, 41105
	3, 41108
	3, 41131
	3, 41151
	3, 41154
	3, 41157
	3, 41162
	3, 41181
	3, 41200
	3, 41211
	3, 41222
	3, 41243
	1, 41314
	2, 41321
	3, 41340
	3, 41349
	3, 41355
	3, 41358
	3, 41381
	3, 41401
	3, 41404
	3, 41407
	3, 41412
	3, 41431
	3, 41450
	3, 41461
	3, 41472
	3, 41493
	1, 41564
	2, 41571
	3, 41590
	3, 41599
	3, 41605
	3, 41608
	3, 41631
	3, 41651
	3, 41654
	3, 41657
	3, 41662
	3, 41681
	3, 41700
	3, 41711
	3, 41722
	3, 41743
	1, 41814
	2, 41821
	3, 41840
	3, 41849
	3, 41855
	3, 41858
	3, 41881
	3, 41901
	3, 41904
	3, 41907
	3, 41912
	3, 41931
	3, 41950
	3, 41961
	3, 41972
	3, 41993
	1, 42064
	2, 42071
	3, 42090
	3, 42099
	3, 42105
	3, 42108
	3, 42131
	3, 42151
	3, 42154
	3, 42157
	3, 42162
	3, 42181
	3, 42200
	3, 42211
	3, 42222
	3, 42243
	1, 42314
	2, 42321
	3, 42340
	3, 42349
	3, 42355
	3, 42358
	3, 42381
	3, 42401
	3, 42404
	3, 42407
	3, 42412
	3, 42431
	3, 42450
	3, 42461
	3, 42472
	3, 42493
	1, 42564
	2, 42571
	3, 42590
	3, 42599
	3, 42605
	3, 42608
	3, 42631
	3, 42651
	3, 42654
	3, 42657
	3, 42662
	3, 42681
	3, 42700
	3, 42711
	3, 42722
	3, 42743
	1, 42814
	2, 42821
	3, 42840
	3, 42849
	3, 42855
	3, 42858
	3, 42881
	3, 42901
	3, 42904
	3, 42907
	3, 42912
	3, 42931
	3, 42950
	3, 42961
	3, 42972
	3, 42993
	1, 43064
	2, 43071
	3, 43090
	3, 43099
	3, 43105
	3, 43108
	3, 43131
	3, 43151
	3, 43154
	3, 43157
	3, 43162
	3, 43181
	3, 43200
	3, 43211
	3, 43222
	3, 43243
	1, 43314
	2, 43321
	3, 43340
	3, 43349
	3, 43355
	3, 43358
	3, 43381
	3, 43401
	3, 43404
	3, 43407
	3, 43412
	3, 43431
	3, 43450
	3, 43461
	3, 43472
	3, 43493
	1, 43564
	2, 43571
	3, 43590
	3, 43599
	3, 43605
	3, 43608
	3, 43631
	3, 43651
	3, 43654
	3, 43657
	3, 43662
	3, 43681
	3, 43700
	3, 43711
	3, 43722
	3, 43743
	1, 43814
	2, 43821
	3, 43840
	3, 43849
	3, 43855
	3, 43858
	3, 43881
	3, 43901
	3, 43904
	3, 43907
	3, 43912
	3, 43931
	3, 43950
	3, 43961
	3, 43972
	3, 43993
	1, 44064
	2, 44071
	3, 44090
	3, 44099
	3, 44105
	3, 44108
	3, 44131
	3, 44151
	3, 44154
	3, 44157
	3, 44162
	3, 44181
	3, 44200
	3, 44211
	3, 44222
	3, 44243
	1, 44314
	2, 44321
	3, 44340
	3, 44349
	3, 44355
	3, 44358
	3, 44381
	3, 44401
	3, 44404
	3, 44407
	3, 44412
	3, 44431
	3, 44450
	3, 44461
	3, 44472
	3, 44493
	1, 44564
	2, 44571
	3, 44590
	3, 44599
	3, 44605
	3, 44608
	3, 44631
	3, 44651
	3, 44654
	3, 44657
	3, 44662
	3, 44681
	3, 44700
	3, 44711
	3, 44722
	3, 44743
	1, 44814
	2, 44821
	3, 44840
	3, 44849
	3, 44855
	3, 44858
	3, 44881
	3, 44901
	3, 44904
	3, 44907
	3, 44912
	3, 44931
	3, 44950
	3, 44961
	3, 44972
	3, 44993
	1, 45064
	2, 45071
	3, 45090
	3, 45099
	3, 45105
	3, 45108
	3, 45131
	3, 45151
	3, 45154
	3, 45157
	3, 45162
	3, 45181
	3, 45200
	3, 45211
	3, 45222
	3, 45243
	1, 45314
	2, 45321
	3, 45340
	3, 45349
	3, 45355
	3, 45358
	3, 45381
	3, 45401
	3, 45404
	3, 45407
	3, 45412
	3, 45431
	3, 45450
	3, 45461
	3, 45472
	3, 45493
	1, 45564
	2, 45571
	3, 45590
	3, 45599
	3, 45605
	3, 45608
	3, 45631
	3, 45651
	3, 45654
	3, 45657
	3, 45662
	3, 45681
	3, 45700
	3, 45711
	3, 45722
	3, 45743
	1, 45814
	2, 45821
	3, 45840
	3, 45849
	3, 45855
	3, 45858
	3, 45881
	3, 45901
	3, 45904
	3, 45907
	3, 45912
	3, 45931
	3, 45950
	3, 45961
	3, 45972
	3, 45993
	1, 46064
	2, 46071
	3, 46090
	3, 46099
	3, 46105
	3, 46108
	3, 46131
	3, 46151
	3, 46154
	3, 46157
	3, 46162
	3, 46181
	3, 46200
	3, 46211
	3, 46222
	3, 46243
	1, 46314
	2, 46321
	3, 46340
	3, 46349
	3, 46355
	3, 46358
	3, 46381
	3, 46401
	3, 46404
	3, 46407
	3, 46412
	3, 46431
	3, 46450
	3, 46461
	3, 46472
	3, 46493
	1, 46564
	2, 46571
	3, 46590
	3, 46599
	3, 46605
	3, 46608
	3, 46631
	3, 46651
	3, 46654
	3, 46657
	3, 46662
	3, 46681
	3, 46700
	3, 46711
	3, 46722
	3, 46743
	1, 46814
	2, 46821
	3, 46840
	3, 46849
	3, 46855
	3, 46858
	3, 46881
	3, 46901
	3, 46904
	3, 46907
	3, 46912
	3, 46931
	3, 46950
	3, 46961
	3, 46972
	3, 46993
	1, 47064
	2, 47071
	3, 47090
	3, 47099
	3, 47105
	3, 47108
	3, 47131
	3, 47151
	3, 47154
	3, 47157
	3, 47162
	3, 47181
	3, 47200
	3, 47211
	3, 47222
	3, 47243
	1, 47314
	2, 47321
	3, 47340
	3, 47349
	3, 47355
	3, 47358
	3, 47381
	3, 47401
	3, 47404
	3, 47407
	3, 47412
	3, 47431
	3, 47450
	3, 47461
	3, 47472
	3, 47493
	1, 47564
	2, 47571
	3, 47590
	3, 47599
	3, 47605
	3, 47608
	3, 47631
	3, 47651
	3, 47654
	3, 47657
	3, 47662
	3, 47681
	3, 47700
	3, 47711
	3, 47722
	3, 47743
	1, 47814
	2, 47821
	3, 47840
	3, 47849
	3, 47855
	3, 47858
	3, 47881
	3, 47901
	3, 47904
	3, 47907
	3, 47912
	3, 47931
	3, 47950
	3, 47961
	3, 47972
	3, 47993
	1, 48064
	2, 48071
	3, 48090
	3, 48099
	3, 48105
	3, 48108
	3, 48131
	3, 48151
	3, 48154
	3, 48157
	3, 48162
	3, 48181
	3, 48200
	3, 48211
	3, 48222
	3, 48243
	1, 48314
	2, 48321
	3, 48340
	3, 48349
	3, 48355
	3, 48358
	3, 48381
	3, 48401
	3, 48404
	3, 48407
	3, 48412
	3, 48431
	3, 48450
	3, 48461
	3, 48472
	3, 48493
	1, 48564
	2, 48571
	3, 48590
	3, 48599
	3, 48605
	3, 48608
	3, 48631
	3, 48651
	3, 48654
	3, 48657
	3, 48662
	3, 48681
	3, 48700
	3, 48711
	3, 48722
	3, 48743
	1, 48814
	2, 48821
	3, 48840
	3, 48849
	3, 48855
	3, 48858
	3, 48881
	3, 48901
	3, 48904
	3, 48907
	3, 48912
	3, 48931
	3, 48950
	3, 48961
	3, 48972
	3, 48993
	1, 49064
	2, 49071
	3, 49090
	3, 49099
	3, 49105
	3, 49108
	3, 49131
	3, 49151
	3, 49154
	3, 49157
	3, 49162
	3, 49181
	3, 49200
	3, 49211
	3, 49222
	3, 49243
	1, 49314
	2, 49321
	3, 49340
	3, 49349
	3, 49355
	3, 49358
	3, 49381
	3, 49401
	3, 49404
	3, 49407
	3, 49412
	3, 49431
	3, 49450
	3, 49461
	3, 49472
	3, 49493
	1, 49564
	2, 49571
	3, 49590
	3, 49599
	3, 49605
	3, 49608
	3, 49631
	3, 49651
	3, 49654
	3, 49657
	3, 49662
	3, 49681
	3, 49700
	3, 49711
	3, 49722
	3, 49743
	1, 49814
	2, 49821
	3, 49840
	3, 49849
	3, 49855
	3, 49858
	3, 49881
	3, 49901
	3, 49904
	3, 49907
	3, 49912
	3, 49931
	3, 49950
	3, 49961
	3, 49972
	3, 49993
	1, 50064
	2, 50071
	3, 50090
	3, 50099
	3, 50105
	3, 50108
	3, 50131
	3, 50151
	3, 50154
	3, 50157
	3, 50162
	3, 50181
	3, 50200
	3, 50211
	3, 50222
	3, 50243
	1, 50314
	2, 50321
	3, 50340
	3, 50349
	3, 50355
	3, 50358
	3, 50381
	3, 50401
	3, 50404
	3, 50407
	3, 50412
	3, 50431
	3, 50450
	3, 50461
	3, 50472
	3, 50493
	1, 50564
	2, 50571
	3, 50590
	3, 50599
	3, 50605
	3, 50608
	3, 50631
	3, 50651
	3, 50654
	3, 50657
	3, 50662
	3, 50681
	3, 50700
	3, 50711
	3, 50722
	3, 50743
	1, 50814
	2, 50821
	3, 50840
	3, 50849
	3, 50855
	3, 50858
	3, 50881
	3, 50901
	3, 50904
	3, 50907
	3, 50912
	3, 50931
	3, 50950
	3, 50961
	3, 50972
	3, 50993
	1, 51064
	2, 51071
	3, 51090
	3, 51099
	3, 51105
	3, 51108
	3, 51131
	3, 51151
	3, 51154
	3, 51157
	3, 51162
	3, 51181
	3, 51200
	3, 51211
	3, 51222
	3, 51243
	1, 51314
	2, 51321
	3, 51340
	3, 51349
	3, 51355
	3, 51358
	3, 51381
	3, 51401
	3, 51404
	3, 51407
	3, 51412
	3, 51431
	3, 51450
	3, 51461
	3, 51472
	3, 51493
	1, 51564
	2, 51571
	3, 51590
	3, 51599
	3, 51605
	3, 51608
	3, 51631
	3, 51651
	3, 51654
	3, 51657
	3, 51662
	3, 51681
	3, 51700
	3, 51711
	3, 51722
	3, 51743
	1, 51814
	2, 51821
	3, 51840
	3, 51849
	3, 51855
	3, 51858
	3, 51881
	3, 51901
	3, 51904
	3, 51907
	3, 51912
	3, 51931
	3, 51950
	3, 51961
	3, 51972
	3, 51993
	1, 52064
	2, 52071
	3, 52090
	3, 52099
	3, 52105
	3, 52108
	3, 52131
	3, 52151
	3, 52154
	3, 52157
	3, 52162
	3, 52181
	3, 52200
	3, 52211
	3, 52222
	3, 52243
	1, 52314
	2, 52321
	3, 52340
	3, 52349
	3, 52355
	3, 52358
	3, 52381
	3, 52401
	3, 52404
	3, 52407
	3, 52412
	3, 52431
	3, 52450
	3, 52461
	3, 52472
	3, 52493
	1, 52564
	2, 52571
	3, 52590
	3, 52599
	3, 52605
	3, 52608
	3, 52631
	3, 52651
	3, 52654
	3, 52657
	3, 52662
	3, 52681
	3, 52700
	3, 52711
	3, 52722
	3, 52743
	1, 52814
	2, 52821
	3, 52840
	3, 52849
	3, 52855
	3, 52858
	3, 52881
	3, 52901
	3, 52904
	3, 52907
	3, 52912
	3, 52931
	3, 52950
	3, 52961
	3, 52972
	3, 52993
	1, 53064
	2, 53071
	3, 53090
	3, 53099
	3, 53105
	3, 53108
	3, 53131
	3, 53151
	3, 53154
	3, 53157
	3, 53162
	3, 53181
	3, 53200
	3, 53211
	3, 53222
	3, 53243
	1, 53314
	2, 53321
	3, 53340
	3, 53349
	3, 53355
	3, 53358
	3, 53381
	3, 53401
	3, 53404
	3, 53407
	3, 53412
	3, 53431
	3, 53450
	3, 53461
	3, 53472
	3, 53493
	1, 53564
	2, 53571
	3, 53590
	3, 53599
	3, 53605
	3, 53608
	3, 53631
	3, 53651
	3, 53654
	3, 53657
	3, 53662
	3, 53681
	3, 53700
	3, 53711
	3, 53722
	3, 53743
	1, 53814
	2, 53821
	3, 53840
	3, 53849
	3, 53855
	3, 53858
	3, 53881
	3, 53901
	3, 53904
	3, 53907
	3, 53912
	3, 53931
	3, 53950
	3, 53961
	3, 53972
	3, 53993
	1, 54064
	2, 54071
	3, 54090
	3, 54099
	3, 54105
	3, 54108
	3, 54131
	3, 54151
	3, 54154
	3, 54157
	3, 54162
	3, 54181
	3, 54200
	3, 54211
	3, 54222
	3, 54243
	1, 54314
	2, 54321
	3, 54340
	3, 54349
	3, 54355
	3, 54358
	3, 54381
	3, 54401
	3, 54404
	3, 54407
	3, 54412
	3, 54431
	3, 54450
	3, 54461
	3, 54472
	3, 54493
	1, 54564
	2, 54571
	3, 54590
	3, 54599
	3, 54605
	3, 54608
	3, 54631
	3, 54651
	3, 54654
	3, 54657
	3, 54662
	3, 54681
	3, 54700
	3, 54711
	3, 54722
	3, 54743
	1, 54814
	2, 54821
	3, 54840
	3, 54849
	3, 54855
	3, 54858
	3, 54881
	3, 54901
	3, 54904
	3, 54907
	3, 54912
	3, 54931
	3, 54950
	3, 54961
	3, 54972
	3, 54993
	1, 55064
	2, 55071
	3, 55090
	3, 55099
	3, 55105
	3, 55108
	3, 55131
	3, 55151
	3, 55154
	3, 55157
	3, 55162
	3, 55181
	3, 55200
	3, 55211
	3, 55222
	3, 55243
	1, 55314
	2, 55321
	3, 55340
	3, 55349
	3, 55355
	3, 55358
	3, 55381
	3, 55401
	3, 55404
	3, 55407
	3, 55412
	3, 55431
	3, 55450
	3, 55461
	3, 55472
	3, 55493
	1, 55564
	2, 55571
	3, 55590
	3, 55599
	3, 55605
	3, 55608
	3, 55631
	3, 55651
	3, 55654
	3, 55657
	3, 55662
	3, 55681
	3, 55700
	3, 55711
	3, 55722
	3, 55743
	1, 55814
	2, 55821
	3, 55840
	3, 55849
	3, 55855
	3, 55858
	3, 55881
	3, 55901
	3, 55904
	3, 55907
	3, 55912
	3, 55931
	3, 55950
	3, 55961
	3, 55972
	3, 55993
	1, 56064
	2, 56071
	3, 56090
	3, 56099
	3, 56105
	3, 56108
	3, 56131
	3, 56151
	3, 56154
	3, 56157
	3, 56162
	3, 56181
	3, 56200
	3, 56211
	3, 56222
	3, 56243
	1, 56314
	2, 56321
	3, 56340
	3, 56349
	3, 56355
	3, 56358
	3, 56381
	3, 56401
	3, 56404
	3, 56407
	3, 56412
	3, 56431
	3, 56450
	3, 56461
	3, 56472
	3, 56493
	1, 56564
	2, 56571
	3, 56590
	3, 56599
	3, 56605
	3, 56608
	3, 56631
	3, 56651
	3, 56654
	3, 56657
	3, 56662
	3, 56681
	3, 56700
	3, 56711
	3, 56722
	3, 56743
	1, 56814
	2, 56821
	3, 56840
	3, 56849
	3, 56855
	3, 56858
	3, 56881
	3, 56901
	3, 56904
	3, 56907
	3, 56912
	3, 56931
	3, 56950
	3, 56961
	3, 56972
	3, 56993
	1, 57064
	2, 57071
	3, 57090
	3, 57099
	3, 57105
	3, 57108
	3, 57131
	3, 57151
	3, 57154
	3, 57157
	3, 57162
	3, 57181
	3, 57200
	3, 57211
	3, 57222
	3, 57243
	1, 57314
	2, 57321
	3, 57340
	3, 57349
	3, 57355
	3, 57358
	3, 57381
	3, 57401
	3, 57404
	3, 57407
	3, 57412
	3, 57431
	3, 57450
	3, 57461
	3, 57472
	3, 57493
	1, 57564
	2, 57571
	3, 57590
	3, 57599
	3, 57605
	3, 57608
	3, 57631
	3, 57651
	3, 57654
	3, 57657
	3, 57662
	3, 57681
	3, 57700
	3, 57711
	3, 57722
	3, 57743
	1, 57814
	2, 57821
	3, 57840
	3, 57849
	3, 57855
	3, 57858
	3, 57881
	3, 57901
	3, 57904
	3, 57907
	3, 57912
	3, 57931
	3, 57950
	3, 57961
	3, 57972
	3, 57993
	1, 58064
	2, 58071
	3, 58090
	3, 58099
	3, 58105
	3, 58108
	3, 58131
	3, 58151
	3, 58154
	3, 58157
	3, 58162
	3, 58181
	3, 58200
	3, 58211
	3, 58222
	3, 58243
	1, 58314
	2, 58321
	3, 58340
	3, 58349
	3, 58355
	3, 58358
	3, 58381
	3, 58401
	3, 58404
	3, 58407
	3, 58412
	3, 58431
	3, 58450
	3, 58461
	3, 58472
	3, 58493
	1, 58564
	2, 58571
	3, 58590
	3, 58599
	3, 58605
	3, 58608
	3, 58631
	3, 58651
	3, 58654
	3, 58657
	3, 58662
	3, 58681
	3, 58700
	3, 58711
	3, 58722
	3, 58743
	1, 58814
	2, 58821
	3, 58840
	3, 58849
	3, 58855
	3, 58858
	3, 58881
	3, 58901
	3, 58904
	3, 58907
	3, 58912
	3, 58931
	3, 58950
	3, 58961
	3, 58972
	3, 58993
	1, 59064
	2, 59071
	3, 59090
	3, 59099
	3, 59105
	3, 59108
	3, 59131
	3, 59151
	3, 59154
	3, 59157
	3, 59162
	3, 59181
	3, 59200
	3, 59211
	3, 59222
	3, 59243
	1, 59314
	2, 59321
	3, 59340
	3, 59349
	3, 59355
	3, 59358
	3, 59381
	3, 59401
	3, 59404
	3, 59407
	3, 59412
	3, 59431
	3, 59450
	3, 59461
	3, 59472
	3, 59493
	1, 59564
	2, 59571
	3, 59590
	3, 59599
	3, 59605
	3, 59608
	3, 59631
	3, 59651
	3, 59654
	3, 59657
	3, 59662
	3, 59681
	3, 59700
	3, 59711
	3, 59722
	3, 59743
	1, 59814
	2, 59821
	3, 59840
	3, 59849
	3, 59855
	3, 59858
	3, 59881
	3, 59901
	3, 59904
	3, 59907
	3, 59912
	3, 59931
	3, 59950
	3, 59961
	3, 59972
	3, 59993
	1, 60064
	2, 60071
	3, 60090
	3, 60099
	3, 60105
	3, 60108
	3, 60131
	3, 60151
	3, 60154
	3, 60157
	3, 60162
	3, 60181
	3, 60200
	3, 60211
	3, 60222
	3, 60243
	1, 60314
	2, 60321
	3, 60340
	3, 60349
	3, 60355
	3, 60358
	3, 60381
	3, 60401
	3, 60404
	3, 60407
	3, 60412
	3, 60431
	3, 60450
	3, 60461
	3, 60472
	3, 60493
	1, 60564
	2, 60571
	3, 60590
	3, 60599
	3, 60605
	3, 60608
	3, 60631
	3, 60651
	3, 60654
	3, 60657
	3, 60662
	3, 60681
	3, 60700
	3, 60711
	3, 60722
	3, 60743
	1, 60814
	2, 60821
	3, 60840
	3, 60849
	3, 60855
	3, 60858
	3, 60881
	3, 60901
	3, 60904
	3, 60907
	3, 60912
	3, 60931
	3, 60950
	3, 60961
	3, 60972
	3, 60993
	1, 61064
	2, 61071
	3, 61090
	3, 61099
	3, 61105
	3, 61108
	3, 61131
	3, 61151
	3, 61154
	3, 61157
	3, 61162
	3, 61181
	3, 61200
	3, 61211
	3, 61222
	3, 61243
	1, 61314
	2, 61321
	3, 61340
	3, 61349
	3, 61355
	3, 61358
	3, 61381
	3, 61401
	3, 61404
	3, 61407
	3, 61412
	3, 61431
	3, 61450
	3, 61461
	3, 61472
	3, 61493
	1, 61564
	2, 61571
	3, 61590
	3, 61599
	3, 61605
	3, 61608
	3, 61631
	3, 61651
	3, 61654
	3, 61657
	3, 61662
	3, 61681
	3, 61700
	3, 61711
	3, 61722
	3, 61743
	1, 61814
	2, 61821
	3, 61840
	3, 61849
	3, 61855
	3, 61858
	3, 61881
	3, 61901
	3, 61904
	3, 61907
	3, 61912
	3, 61931
	3, 61950
	3, 61961
	3, 61972
	3, 61993
	1, 62064
	2, 62071
	3, 62090
	3, 62099
	3, 62105
	3, 62108
	3, 62131
	3, 62151
	3, 62154
	3, 62157
	3, 62162
	3, 62181
	3, 62200
	3, 62211
	3, 62222
	3, 62243
	1, 62314
	2, 62321
	3, 62340
	3, 62349
	3, 62355
	3, 62358
	3, 62381
	3, 62401
	3, 62404
	3, 62407
	3, 62412
	3, 62431
	3, 62450
	3, 62461
	3, 62472
	3, 62493
	1, 62564
	2, 62571
	3, 62590
	3, 62599
	3, 62605
	3, 62608
	3, 62631
	3, 62651
	3, 62654
	3, 62657
	3, 62662
	3, 62681
	3, 62700
	3, 62711
	3, 62722
	3, 62743
	1, 62814
	2, 62821
	3, 62840
	3, 62849
	3, 62855
	3, 62858
	3, 62881
	3, 62901
	3, 62904
	3, 62907
	3, 62912
	3, 62931
	3, 62950
	3, 62961
	3, 62972
	3, 62993
	1, 63064
	2, 63071
	3, 63090
	3, 63099
	3, 63105
	3, 63108
	3, 63131
	3, 63151
	3, 63154
	3, 63157
	3, 63162
	3, 63181
	3, 63200
	3, 63211
	3, 63222
	3, 63243
	1, 63314
	2, 63321
	3, 63340
	3, 63349
	3, 63355
	3, 63358
	3, 63381
	3, 63401
	3, 63404
	3, 63407
	3, 63412
	3, 63431
	3, 63450
	3, 63461
	3, 63472
	3, 63493
	1, 63564
	2, 63571
	3, 63590
	3, 63599
	3, 63605
	3, 63608
	3, 63631
	3, 63651
	3, 63654
	3, 63657
	3, 63662
	3, 63681
	3, 63700
	3, 63711
	3, 63722
	3, 63743
	1, 63814
	2, 63821
	3, 63840
	3, 63849
	3, 63855
	3, 63858
	3, 63881
	3, 63901
	3, 63904
	3, 63907
	3, 63912
	3, 63931
	3, 63950
	3, 63961
	3, 63972
	3, 63993
	1, 64064
	2, 64071
	3, 64090
	3, 64099
	3, 64105
	3, 64108
	3, 64131
	3, 64151
	3, 64154
	3, 64157
	3, 64162
	3, 64181
	3, 64200
	3, 64211
	3, 64222
	3, 64243
	1, 64314
	2, 64321
	3, 64340
	3, 64349
	3, 64355
	3, 64358
	3, 64381
	3, 64401
	3, 64404
	3, 64407
	3, 64412
	3, 64431
	3, 64450
	3, 64461
	3, 64472
	3, 64493
	1, 64564
	2, 64571
	3, 64590
	3, 64599
	3, 64605
	3, 64608
	3, 64631
	3, 64651
	3, 64654
	3, 64657
	3, 64662
	3, 64681
	3, 64700
	3, 64711
	3, 64722
	3, 64743
	1, 64814
	2, 64821
	3, 64840
	3, 64849
	3, 64855
	3, 64858
	3, 64881
	3, 64901
	3, 64904
	3, 64907
	3, 64912
	3, 64931
	3, 64950
	3, 64961
	3, 64972
	3, 64993
	1, 65064
	2, 65071
	3, 65090
	3, 65099
	3, 65105
	3, 65108
	3, 65131
	3, 65151
	3, 65154
	3, 65157
	3, 65162
	3, 65181
	3, 65200
	3, 65211
	3, 65222
	3, 65243
	1, 65314
	2, 65321
	3, 65340
	3, 65349
	3, 65355
	3, 65358
	3, 65381
	3, 65401
	3, 65404
	3, 65407
	3, 65412
	3, 65431
	3, 65450
	3, 65461
	3, 65472
	3, 65493
	1, 65564
	2, 65571
	3, 65590
	3, 65599
	3, 65605
	3, 65608
	3, 65631
	3, 65651
	3, 65654
	3, 65657
	3, 65662
	3, 65681
	3, 65700
	3, 65711
	3, 65722
	3, 65743
	1, 65814
	2, 65821
	3, 65840
	3, 65849
	3, 65855
	3, 65858
	3, 65881
	3, 65901
	3, 65904
	3, 65907
	3, 65912
	3, 65931
	3, 65950
	3, 65961
	3, 65972
	3, 65993
	1, 66064
	2, 66071
	3, 66090
	3, 66099
	3, 66105
	3, 66108
	3, 66131
	3, 66151
	3, 66154
	3, 66157
	3, 66162
	3, 66181
	3, 66200
	3, 66211
	3, 66222
	3, 66243
	1, 66314
	2, 66321
	3, 66340
	3, 66349
	3, 66355
	3, 66358
	3, 66381
	3, 66401
	3, 66404
	3, 66407
	3, 66412
	3, 66431
	3, 66450
	3, 66461
	3, 66472
	3, 66493
	1, 66564
	2, 66571
	3, 66590
	3, 66599
	3, 66605
	3, 66608
	3, 66631
	3, 66651
	3, 66654
	3, 66657
	3, 66662
	3, 66681
	3, 66700
	3, 66711
	3, 66722
	3, 66743
	1, 66814
	2, 66821
	3, 66840
	3, 66849
	3, 66855
	3, 66858
	3, 66881
	3, 66901
	3, 66904
	3, 66907
	3, 66912
	3, 66931
	3, 66950
	3, 66961
	3, 66972
	3, 66993
	1, 67064
	2, 67071
	3, 67090
	3, 67099
	3, 67105
	3, 67108
	3, 67131
	3, 67151
	3, 67154
	3, 67157
	3, 67162
	3, 67181
	3, 67200
	3, 67211
	3, 67222
	3, 67243
	1, 67314
	2, 67321
	3, 67340
	3, 67349
	3, 67355
	3, 67358
	3, 67381
	3, 67401
	3, 67404
	3, 67407
	3, 67412
	3, 67431
	3, 67450
	3, 67461
	3, 67472
	3, 67493
	1, 67564
	2, 67571
	3, 67590
	3, 67599
	3, 67605
	3, 67608
	3, 67631
	3, 67651
	3, 67654
	3, 67657
	3, 67662
	3, 67681
	3, 67700
	3, 67711
	3, 67722
	3, 67743
	1, 67814
	2, 67821
	3, 67840
	3, 67849
	3, 67855
	3, 67858
	3, 67881
	3, 67901
	3, 67904
	3, 67907
	3, 67912
	3, 67931
	3, 67950
	3, 67961
	3, 67972
	3, 67993
	1, 68064
	2, 68071
	3, 68090
	3, 68099
	3, 68105
	3, 68108
	3, 68131
	3, 68151
	3, 68154
	3, 68157
	3, 68162
	3, 68181
	3, 68200
	3, 68211
	3, 68222
	3, 68243
	1, 68314
	2, 68321
	3, 68340
	3, 68349
	3, 68355
	3, 68358
	3, 68381
	3, 68401
	3, 68404
	3, 68407
	3, 68412
	3, 68431
	3, 68450
	3, 68461
	3, 68472
	3, 68493
	1, 68564
	2, 68571
	3, 68590
	3, 68599
	3, 68605
	3, 68608
	3, 68631
	3, 68651
	3, 68654
	3, 68657
	3, 68662
	3, 68681
	3, 68700
	3, 68711
	3, 68722
	3, 68743
	1, 68814
	2, 68821
	3, 68840
	3, 68849
	3, 68855
	3, 68858
	3, 68881
	3, 68901
	3, 68904
	3, 68907
	3, 68912
	3, 68931
	3, 68950
	3, 68961
	3, 68972
	3, 68993
	1, 69064
	2, 69071
	3, 69090
	3, 69099
	3, 69105
	3, 69108
	3, 69131
	3, 69151
	3, 69154
	3, 69157
	3, 69162
	3, 69181
	3, 69200
	3, 69211
	3, 69222
	3, 69243
	1, 69314
	2, 69321
	3, 69340
	3, 69349
	3, 69355
	3, 69358
	3, 69381
	3, 69401
	3, 69404
	3, 69407
	3, 69412
	3, 69431
	3, 69450
	3, 69461
	3, 69472
	3, 69493
	1, 69564
	2, 69571
	3, 69590
	3, 69599
	3, 69605
	3, 69608
	3, 69631
	3, 69651
	3, 69654
	3, 69657
	3, 69662
	3, 69681
	3, 69700
	3, 69711
	3, 69722
	3, 69743
	1, 69814
	2, 69821
	3, 69840
	3, 69849
	3, 69855
	3, 69858
	3, 69881
	3, 69901
	3, 69904
	3, 69907
	3, 69912
	3, 69931
	3, 69950
	3, 69961
	3, 69972
	3, 69993
	1, 70064
	2, 70071
	3, 70090
	3, 70099
	3, 70105
	3, 70108
	3, 70131
	3, 70151
	3, 70154
	3, 70157
	3, 70162
	3, 70181
	3, 70200
	3, 70211
	3, 70222
	3, 70243
	1, 70314
	2, 70321
	3, 70340
	3, 70349
	3, 70355
	3, 70358
	3, 70381
	3, 70401
	3, 70404
	3, 70407
	3, 70412
	3, 70431
	3, 70450
	3, 70461
	3, 70472
	3, 70493
	1, 70564
	2, 70571
	3, 70590
	3, 70599
	3, 70605
	3, 70608
	3, 70631
	3, 70651
	3, 70654
	3, 70657
	3, 70662
	3, 70681
	3, 70700
	3, 70711
	3, 70722
	3, 70743
	1, 70814
	2, 70821
	3, 70840
	3, 70849
	3, 70855
	3, 70858
	3, 70881
	3, 70901
	3, 70904
	3, 70907
	3, 70912
	3, 70931
	3, 70950
	3, 70961
	3, 70972
	3, 70993
	1, 71064
	2, 71071
	3, 71090
	3, 71099
	3, 71105
	3, 71108
	3, 71131
	3, 71151
	3, 71154
	3, 71157
	3, 71162
	3, 71181
	3, 71200
	3, 71211
	3, 71222
	3, 71243
	1, 71314
	2, 71321
	3, 71340
	3, 71349
	3, 71355
	3, 71358
	3, 71381
	3, 71401
	3, 71404
	3, 71407
	3, 71412
	3, 71431
	3, 71450
	3, 71461
	3, 71472
	3, 71493
	1, 71564
	2, 71571
	3, 71590
	3, 71599
	3, 71605
	3, 71608
	3, 71631
	3, 71651
	3, 71654
	3, 71657
	3, 71662
	3, 71681
	3, 71700
	3, 71711
	3, 71722
	3, 71743
	1, 71814
	2, 71821
	3, 71840
	3, 71849
	3, 71855
	3, 71858
	3, 71881
	3, 71901
	3, 71904
	3, 71907
	3, 71912
	3, 71931
	3, 71950
	3, 71961
	3, 71972
	3, 71993
	1, 72064
	2, 72071
	3, 72090
	3, 72099
	3, 72105
	3, 72108
	3, 72131
	3, 72151
	3, 72154
	3, 72157
	3, 72162
	3, 72181
	3, 72200
	3, 72211
	3, 72222
	3, 72243
	1, 72314
	2, 72321
	3, 72340
	3, 72349
	3, 72355
	3, 72358
	3, 72381
	3, 72401
	3, 72404
	3, 72407
	3, 72412
	3, 72431
	3, 72450
	3, 72461
	3, 72472
	3, 72493
	1, 72564
	2, 72571
	3, 72590
	3, 72599
	3, 72605
	3, 72608
	3, 72631
	3, 72651
	3, 72654
	3, 72657
	3, 72662
	3, 72681
	3, 72700
	3, 72711
	3, 72722
	3, 72743
	1, 72814
	2, 72821
	3, 72840
	3, 72849
	3, 72855
	3, 72858
	3, 72881
	3, 72901
	3, 72904
	3, 72907
	3, 72912
	3, 72931
	3, 72950
	3, 72961
	3, 72972
	3, 72993
	1, 73064
	2, 73071
	3, 73090
	3, 73099
	3, 73105
	3, 73108
	3, 73131
	3, 73151
	3, 73154
	3, 73157
	3, 73162
	3, 73181
	3, 73200
	3, 73211
	3, 73222
	3, 73243
	1, 73314
	2, 73321
	3, 73340
	3, 73349
	3, 73355
	3, 73358
	3, 73381
	3, 73401
	3, 73404
	3, 73407
	3, 73412
	3, 73431
	3, 73450
	3, 73461
	3, 73472
	3, 73493
	1, 73564
	2, 73571
	3, 73590
	3, 73599
	3, 73605
	3, 73608
	3, 73631
	3, 73651
	3, 73654
	3, 73657
	3, 73662
	3, 73681
	3, 73700
	3, 73711
	3, 73722
	3, 73743
	1, 73814
	2, 73821
	3, 73840
	3, 73849
	3, 73855
	3, 73858
	3, 73881
	3, 73901
	3, 73904
	3, 73907
	3, 73912
	3, 73931
	3, 73950
	3, 73961
	3, 73972
	3, 73993
	1, 74064
	2, 74071
	3, 74090
	3, 74099
	3, 74105
	3, 74108
	3, 74131
	3, 74151
	3, 74154
	3, 74157
	3, 74162
	3, 74181
	3, 74200
	3, 74211
	3, 74222
	3, 74243
	1, 74314
	2, 74321
	3, 74340
	3, 74349
	3, 74355
	3, 74358
	3, 74381
	3, 74401
	3, 74404
	3, 74407
	3, 74412
	3, 74431
	3, 74450
	3, 74461
	3, 74472
	3, 74493
	1, 74564
	2, 74571
	3, 74590
	3, 74599
	3, 74605
	3, 74608
	3, 74631
	3, 74651
	3, 74654
	3, 74657
	3, 74662
	3, 74681
	3, 74700
	3, 74711
	3, 74722
	3, 74743
	1, 74814
	2, 74821
	3, 74840
	3, 74849
	3, 74855
	3, 74858
	3, 74881
	3, 74901
	3, 74904
	3, 74907
	3, 74912
	3, 74931
	3, 74950
	3, 74961
	3, 74972
	3, 74993
	1, 75064
	2, 75071
	3, 75090
	3, 75099
	3, 75105
	3, 75108
	3, 75131
	3, 75151
	3, 75154
	3, 75157
	3, 75162
	3, 75181
	3, 75200
	3, 75211
	3, 75222
	3, 75243
	1, 75314
	2, 75321
	3, 75340
	3, 75349
	3, 75355
	3, 75358
	3, 75381
	3, 75401
	3, 75404
	3, 75407
	3, 75412
	3, 75431
	3, 75450
	3, 75461
	3, 75472
	3, 75493
	1, 75564
	2, 75571
	3, 75590
	3, 75599
	3, 75605
	3, 75608
	3, 75631
	3, 75651
	3, 75654
	3, 75657
	3, 75662
	3, 75681
	3, 75700
	3, 75711
	3, 75722
	3, 75743
	1, 75814
	2, 75821
	3, 75840
	3, 75849
	3, 75855
	3, 75858
	3, 75881
	3, 75901
	3, 75904
	3, 75907
	3, 75912
	3, 75931
	3, 75950
	3, 75961
	3, 75972
	3, 75993
	1, 76064
	2, 76071
	3, 76090
	3, 76099
	3, 76105
	3, 76108
	3, 76131
	3, 76151
	3, 76154
	3, 76157
	3, 76162
	3, 76181
	3, 76200
	3, 76211
	3, 76222
	3, 76243
	1, 76314
	2, 76321
	3, 76340
	3, 76349
	3, 76355
	3, 76358
	3, 76381
	3, 76401
	3, 76404
	3, 76407
	3, 76412
	3, 76431
	3, 76450
	3, 76461
	3, 76472
	3, 76493
	1, 76564
	2, 76571
	3, 76590
	3, 76599
	3, 76605
	3, 76608
	3, 76631
	3, 76651
	3, 76654
	3, 76657
	3, 76662
	3, 76681
	3, 76700
	3, 76711
	3, 76722
	3, 76743
	1, 76814
	2, 76821
	3, 76840
	3, 76849
	3, 76855
	3, 76858
	3, 76881
	3, 76901
	3, 76904
	3, 76907
	3, 76912
	3, 76931
	3, 76950
	3, 76961
	3, 76972
	3, 76993
	1, 77064
	2, 77071
	3, 77090
	3, 77099
	3, 77105
	3, 77108
	3, 77131
	3, 77151
	3, 77154
	3, 77157
	3, 77162
	3, 77181
	3, 77200
	3, 77211
	3, 77222
	3, 77243
	1, 77314
	2, 77321
	3, 77340
	3, 77349
	3, 77355
	3, 77358
	3, 77381
	3, 77401
	3, 77404
	3, 77407
	3, 77412
	3, 77431
	3, 77450
	3, 77461
	3, 77472
	3, 77493
	1, 77564
	2, 77571
	3, 77590
	3, 77599
	3, 77605
	3, 77608
	3, 77631
	3, 77651
	3, 77654
	3, 77657
	3, 77662
	3, 77681
	3, 77700
	3, 77711
	3, 77722
	3, 77743
	1, 77814
	2, 77821
	3, 77840
	3, 77849
	3, 77855
	3, 77858
	3, 77881
	3, 77901
	3, 77904
	3, 77907
	3, 77912
	3, 77931
	3, 77950
	3, 77961
	3, 77972
	3, 77993
	1, 78064
	2, 78071
	3, 78090
	3, 78099
	3, 78105
	3, 78108
	3, 78131
	3, 78151
	3, 78154
	3, 78157
	3, 78162
	3, 78181
	3, 78200
	3, 78211
	3, 78222
	3, 78243
	1, 78314
	2, 78321
	3, 78340
	3, 78349
	3, 78355
	3, 78358
	3, 78381
	3, 78401
	3, 78404
	3, 78407
	3, 78412
	3, 78431
	3, 78450
	3, 78461
	3, 78472
	3, 78493
	1, 78564
	2, 78571
	3, 78590
	3, 78599
	3, 78605
	3, 78608
	3, 78631
	3, 78651
	3, 78654
	3, 78657
	3, 78662
	3, 78681
	3, 78700
	3, 78711
	3, 78722
	3, 78743
	1, 78814
	2, 78821
	3, 78840
	3, 78849
	3, 78855
	3, 78858
	3, 78881
	3, 78901
	3, 78904
	3, 78907
	3, 78912
	3, 78931
	3, 78950
	3, 78961
	3, 78972
	3, 78993
	1, 79064
	2, 79071
	3, 79090
	3, 79099
	3, 79105
	3, 79108
	3, 79131
	3, 79151
	3, 79154
	3, 79157
	3, 79162
	3, 79181
	3, 79200
	3, 79211
	3, 79222
	3, 79243
	1, 79314
	2, 79321
	3, 79340
	3, 79349
	3, 79355
	3, 79358
	3, 79381
	3, 79401
	3, 79404
	3, 79407
	3, 79412
	3, 79431
	3, 79450
	3, 79461
	3, 79472
	3, 79493
	1, 79564
	2, 79571
	3, 79590
	3, 79599
	3, 79605
	3, 79608
	3, 79631
	3, 79651
	3, 79654
	3, 79657
	3, 79662
	3, 79681
	3, 79700
	3, 79711
	3, 79722
	3, 79743
	1, 79814
	2, 79821
	3, 79840
	3, 79849
	3, 79855
	3, 79858
	3, 79881
	3, 79901
	3, 79904
	3, 79907
	3, 79912
	3, 79931
	3, 79950
	3, 79961
	3, 79972
	3, 79993
	1, 80064
	2, 80071
	3, 80090
	3, 80099
	3, 80105
	3, 80108
	3, 80131
	3, 80151
	3, 80154
	3, 80157
	3, 80162
	3, 80181
	3, 80200
	3, 80211
	3, 80222
	3, 80243
	1, 80314
	2, 80321
	3, 80340
	3, 80349
	3, 80355
	3, 80358
	3, 80381
	3, 80401
	3, 80404
	3, 80407
	3, 80412
	3, 80431
	3, 80450
	3, 80461
	3, 80472
	3, 80493
	1, 80564
	2, 80571
	3, 80590
	3, 80599
	3, 80605
	3, 80608
	3, 80631
	3, 80651
	3, 80654
	3, 80657
	3, 80662
	3, 80681
	3, 80700
	3, 80711
	3, 80722
	3, 80743
	1, 80814
	2, 80821
	3, 80840
	3, 80849
	3, 80855
	3, 80858
	3, 80881
	3, 80901
	3, 80904
	3, 80907
	3, 80912
	3, 80931
	3, 80950
	3, 80961
	3, 80972
	3, 80993
	1, 81064
	2, 81071
	3, 81090
	3, 81099
	3, 81105
	3, 81108
	3, 81131
	3, 81151
	3, 81154
	3, 81157
	3, 81162
	3, 81181
	3, 81200
	3, 81211
	3, 81222
	3, 81243
	1, 81314
	2, 81321
	3, 81340
	3, 81349
	3, 81355
	3, 81358
	3, 81381
	3, 81401
	3, 81404
	3, 81407
	3, 81412
	3, 81431
	3, 81450
	3, 81461
	3, 81472
	3, 81493
	1, 81564
	2, 81571
	3, 81590
	3, 81599
	3, 81605
	3, 81608
	3, 81631
	3, 81651
	3, 81654
	3, 81657
	3, 81662
	3, 81681
	3, 81700
	3, 81711
	3, 81722
	3, 81743
	1, 81814
	2, 81821
	3, 81840
	3, 81849
	3, 81855
	3, 81858
	3, 81881
	3, 81901
	3, 81904
	3, 81907
	3, 81912
	3, 81931
	3, 81950
	3, 81961
	3, 81972
	3, 81993
	1, 82064
	2, 82071
	3, 82090
	3, 82099
	3, 82105
	3, 82108
	3, 82131
	3, 82151
	3, 82154
	3, 82157
	3, 82162
	3, 82181
	3, 82200
	3, 82211
	3, 82222
	3, 82243
	1, 82314
	2, 82321
	3, 82340
	3, 82349
	3, 82355
	3, 82358
	3, 82381
	3, 82401
	3, 82404
	3, 82407
	3, 82412
	3, 82431
	3, 82450
	3, 82461
	3, 82472
	3, 82493
	1, 82564
	2, 82571
	3, 82590
	3, 82599
	3, 82605
	3, 82608
	3, 82631
	3, 82651
	3, 82654
	3, 82657
	3, 82662
	3, 82681
	3, 82700
	3, 82711
	3, 82722
	3, 82743
	1, 82814
	2, 82821
	3, 82840
	3, 82849
	3, 82855
	3, 82858
	3, 82881
	3, 82901
	3, 82904
	3, 82907
	3, 82912
	3, 82931
	3, 82950
	3, 82961
	3, 82972
	3, 82993
	1, 83064
	2, 83071
	3, 83090
	3, 83099
	3, 83105
	3, 83108
	3, 83131
	3, 83151
	3, 83154
	3, 83157
	3, 83162
	3, 83181
	3, 83200
	3, 83211
	3, 83222
	3, 83243
	1, 83314
	2, 83321
	3, 83340
	3, 83349
	3, 83355
	3, 83358
	3, 83381
	3, 83401
	3, 83404
	3, 83407
	3, 83412
	3, 83431
	3, 83450
	3, 83461
	3, 83472
	3, 83493
	1, 83564
	2, 83571
	3, 83590
	3, 83599
	3, 83605
	3, 83608
	3, 83631
	3, 83651
	3, 83654
	3, 83657
	3, 83662
	3, 83681
	3, 83700
	3, 83711
	3, 83722
	3, 83743
	1, 83814
	2, 83821
	3, 83840
	3, 83849
	3, 83855
	3, 83858
	3, 83881
	3, 83901
	3, 83904
	3, 83907
	3, 83912
	3, 83931
	3, 83950
	3, 83961
	3, 83972
	3, 83993
	1, 84064
	2, 84071
	3, 84090
	3, 84099
	3, 84105
	3, 84108
	3, 84131
	3, 84151
	3, 84154
	3, 84157
	3, 84162
	3, 84181
	3, 84200
	3, 84211
	3, 84222
	3, 84243
	1, 84314
	2, 84321
	3, 84340
	3, 84349
	3, 84355
	3, 84358
	3, 84381
	3, 84401
	3, 84404
	3, 84407
	3, 84412
	3, 84431
	3, 84450
	3, 84461
	3, 84472
	3, 84493
	1, 84564
	2, 84571
	3, 84590
	3, 84599
	3, 84605
	3, 84608
	3, 84631
	3, 84651
	3, 84654
	3, 84657
	3, 84662
	3, 84681
	3, 84700
	3, 84711
	3, 84722
	3, 84743
	1, 84814
	2, 84821
	3, 84840
	3, 84849
	3, 84855
	3, 84858
	3, 84881
	3, 84901
	3, 84904
	3, 84907
	3, 84912
	3, 84931
	3, 84950
	3, 84961
	3, 84972
	3, 84993
	1, 85064
	2, 85071
	3, 85090
	3, 85099
	3, 85105
	3, 85108
	3, 85131
	3, 85151
	3, 85154
	3, 85157
	3, 85162
	3, 85181
	3, 85200
	3, 85211
	3, 85222
	3, 85243
	1, 85314
	2, 85321
	3, 85340
	3, 85349
	3, 85355
	3, 85358
	3, 85381
	3, 85401
	3, 85404
	3, 85407
	3, 85412
	3, 85431
	3, 85450
	3, 85461
	3, 85472
	3, 85493
	1, 85564
	2, 85571
	3, 85590
	3, 85599
	3, 85605
	3, 85608
	3, 85631
	3, 85651
	3, 85654
	3, 85657
	3, 85662
	3, 85681
	3, 85700
	3, 85711
	3, 85722
	3, 85743
	1, 85814
	2, 85821
	3, 85840
	3, 85849
	3, 85855
	3, 85858
	3, 85881
	3, 85901
	3, 85904
	3, 85907
	3, 85912
	3, 85931
	3, 85950
	3, 85961
	3, 85972
	3, 85993
	1, 86064
	2, 86071
	3, 86090
	3, 86099
	3, 86105
	3, 86108
	3, 86131
	3, 86151
	3, 86154
	3, 86157
	3, 86162
	3, 86181
	3, 86200
	3, 86211
	3, 86222
	3, 86243
	1, 86314
	2, 86321
	3, 86340
	3, 86349
	3, 86355
	3, 86358
	3, 86381
	3, 86401
	3, 86404
	3, 86407
	3, 86412
	3, 86431
	3, 86450
	3, 86461
	3, 86472
	3, 86493
	1, 86564
	2, 86571
	3, 86590
	3, 86599
	3, 86605
	3, 86608
	3, 86631
	3, 86651
	3, 86654
	3, 86657
	3, 86662
	3, 86681
	3, 86700
	3, 86711
	3, 86722
	3, 86743
	1, 86814
	2, 86821
	3, 86840
	3, 86849
	3, 86855
	3, 86858
	3, 86881
	3, 86901
	3, 86904
	3, 86907
	3, 86912
	3, 86931
	3, 86950
	3, 86961
	3, 86972
	3, 86993
	1, 87064
	2, 87071
	3, 87090
	3, 87099
	3, 87105
	3, 87108
	3, 87131
	3, 87151
	3, 87154
	3, 87157
	3, 87162
	3, 87181
	3, 87200
	3, 87211
	3, 87222
	3, 87243
	1, 87314
	2, 87321
	3, 87340
	3, 87349
	3, 87355
	3, 87358
	3, 87381
	3, 87401
	3, 87404
	3, 87407
	3, 87412
	3, 87431
	3, 87450
	3, 87461
	3, 87472
	3, 87493
	1, 87564
	2, 87571
	3, 87590
	3, 87599
	3, 87605
	3, 87608
	3, 87631
	3, 87651
	3, 87654
	3, 87657
	3, 87662
	3, 87681
	3, 87700
	3, 87711
	3, 87722
	3, 87743
	1, 87814
	2, 87821
	3, 87840
	3, 87849
	3, 87855
	3, 87858
	3, 87881
	3, 87901
	3, 87904
	3, 87907
	3, 87912
	3, 87931
	3, 87950
	3, 87961
	3, 87972
	3, 87993
	1, 88064
	2, 88071
	3, 88090
	3, 88099
	3, 88105
	3, 88108
	3, 88131
	3, 88151
	3, 88154
	3, 88157
	3, 88162
	3, 88181
	3, 88200
	3, 88211
	3, 88222
	3, 88243
	1, 88314
	2, 88321
	3, 88340
	3, 88349
	3, 88355
	3, 88358
	3, 88381
	3, 88401
	3, 88404
	3, 88407
	3, 88412
	3, 88431
	3, 88450
	3, 88461
	3, 88472
	3, 88493
	1, 88564
	2, 88571
	3, 88590
	3, 88599
	3, 88605
	3, 88608
	3, 88631
	3, 88651
	3, 88654
	3, 88657
	3, 88662
	3, 88681
	3, 88700
	3, 88711
	3, 88722
	3, 88743
	1, 88814
	2, 88821
	3, 88840
	3, 88849
	3, 88855
	3, 88858
	3, 88881
	3, 88901
	3, 88904
	3, 88907
	3, 88912
	3, 88931
	3, 88950
	3, 88961
	3, 88972
	3, 88993
	1, 89064
	2, 89071
	3, 89090
	3, 89099
	3, 89105
	3, 89108
	3, 89131
	3, 89151
	3, 89154
	3, 89157
	3, 89162
	3, 89181
	3, 89200
	3, 89211
	3, 89222
	3, 89243
	1, 89314
	2, 89321
	3, 89340
	3, 89349
	3, 89355
	3, 89358
	3, 89381
	3, 89401
	3, 89404
	3, 89407
	3, 89412
	3, 89431
	3, 89450
	3, 89461
	3, 89472
	3, 89493
	1, 89564
	2, 89571
	3, 89590
	3, 89599
	3, 89605
	3, 89608
	3, 89631
	3, 89651
	3, 89654
	3, 89657
	3, 89662
	3, 89681
	3, 89700
	3, 89711
	3, 89722
	3, 89743
	1, 89814
	2, 89821
	3, 89840
	3, 89849
	3, 89855
	3, 89858
	3, 89881
	3, 89901
	3, 89904
	3, 89907
	3, 89912
	3, 89931
	3, 89950
	3, 89961
	3, 89972
	3, 89993
	1, 90064
	2, 90071
	3, 90090
	3, 90099
	3, 90105
	3, 90108
	3, 90131
	3, 90151
	3, 90154
	3, 90157
	3, 90162
	3, 90181
	3, 90200
	3, 90211
	3, 90222
	3, 90243
	1, 90314
	2, 90321
	3, 90340
	3, 90349
	3, 90355
	3, 90358
	3, 90381
	3, 90401
	3, 90404
	3, 90407
	3, 90412
	3, 90431
	3, 90450
	3, 90461
	3, 90472
	3, 90493
	1, 90564
	2, 90571
	3, 90590
	3, 90599
	3, 90605
	3, 90608
	3, 90631
	3, 90651
	3, 90654
	3, 90657
	3, 90662
	3, 90681
	3, 90700
	3, 90711
	3, 90722
	3, 90743
	1, 90814
	2, 90821
	3, 90840
	3, 90849
	3, 90855
	3, 90858
	3, 90881
	3, 90901
	3, 90904
	3, 90907
	3, 90912
	3, 90931
	3, 90950
	3, 90961
	3, 90972
	3, 90993
	1, 91064
	2, 91071
	3, 91090
	3, 91099
	3, 91105
	3, 91108
	3, 91131
	3, 91151
	3, 91154
	3, 91157
	3, 91162
	3, 91181
	3, 91200
	3, 91211
	3, 91222
	3, 91243
	1, 91314
	2, 91321
	3, 91340
	3, 91349
	3, 91355
	3, 91358
	3, 91381
	3, 91401
	3, 91404
	3, 91407
	3, 91412
	3, 91431
	3, 91450
	3, 91461
	3, 91472
	3, 91493
	1, 91564
	2, 91571
	3, 91590
	3, 91599
	3, 91605
	3, 91608
	3, 91631
	3, 91651
	3, 91654
	3, 91657
	3, 91662
	3, 91681
	3, 91700
	3, 91711
	3, 91722
	3, 91743
	1, 91814
	2, 91821
	3, 91840
	3, 91849
	3, 91855
	3, 91858
	3, 91881
	3, 91901
	3, 91904
	3, 91907
	3, 91912
	3, 91931
	3, 91950
	3, 91961
	3, 91972
	3, 91993
	1, 92064
	2, 92071
	3, 92090
	3, 92099
	3, 92105
	3, 92108
	3, 92131
	3, 92151
	3, 92154
	3, 92157
	3, 92162
	3, 92181
	3, 92200
	3, 92211
	3, 92222
	3, 92243
	1, 92314
	2, 92321
	3, 92340
	3, 92349
	3, 92355
	3, 92358
	3, 92381
	3, 92401
	3, 92404
	3, 92407
	3, 92412
	3, 92431
	3, 92450
	3, 92461
	3, 92472
	3, 92493
	1, 92564
	2, 92571
	3, 92590
	3, 92599
	3, 92605
	3, 92608
	3, 92631
	3, 92651
	3, 92654
	3, 92657
	3, 92662
	3, 92681
	3, 92700
	3, 92711
	3, 92722
	3, 92743
	1, 92814
	2, 92821
	3, 92840
	3, 92849
	3, 92855
	3, 92858
	3, 92881
	3, 92901
	3, 92904
	3, 92907
	3, 92912
	3, 92931
	3, 92950
	3, 92961
	3, 92972
	3, 92993
	1, 93064
	2, 93071
	3, 93090
	3, 93099
	3, 93105
	3, 93108
	3, 93131
	3, 93151
	3, 93154
	3, 93157
	3, 93162
	3, 93181
	3, 93200
	3, 93211
	3, 93222
	3, 93243
	1, 93314
	2, 93321
	3, 93340
	3, 93349
	3, 93355
	3, 93358
	3, 93381
	3, 93401
	3, 93404
	3, 93407
	3, 93412
	3, 93431
	3, 93450
	3, 93461
	3, 93472
	3, 93493
	1, 93564
	2, 93571
	3, 93590
	3, 93599
	3, 93605
	3, 93608
	3, 93631
	3, 93651
	3, 93654
	3, 93657
	3, 93662
	3, 93681
	3, 93700
	3, 93711
	3, 93722
	3, 93743
	1, 93814
	2, 93821
	3, 93840
	3, 93849
	3, 93855
	3, 93858
	3, 93881
	3, 93901
	3, 93904
	3, 93907
	3, 93912
	3, 93931
	3, 93950
	3, 93961
	3, 93972
	3, 93993
	1, 94064
	2, 94071
	3, 94090
	3, 94099
	3, 94105
	3, 94108
	3, 94131
	3, 94151
	3, 94154
	3, 94157
	3, 94162
	3, 94181
	3, 94200
	3, 94211
	3, 94222
	3, 94243
	1, 94314
	2, 94321
	3, 94340
	3, 94349
	3, 94355
	3, 94358
	3, 94381
	3, 94401
	3, 94404
	3, 94407
	3, 94412
	3, 94431
	3, 94450
	3, 94461
	3, 94472
	3, 94493
	1, 94564
	2, 94571
	3, 94590
	3, 94599
	3, 94605
	3, 94608
	3, 94631
	3, 94651
	3, 94654
	3, 94657
	3, 94662
	3, 94681
	3, 94700
	3, 94711
	3, 94722
	3, 94743
	1, 94814
	2, 94821
	3, 94840
	3, 94849
	3, 94855
	3, 94858
	3, 94881
	3, 94901
	3, 94904
	3, 94907
	3, 94912
	3, 94931
	3, 94950
	3, 94961
	3, 94972
	3, 94993
	1, 95064
	2, 95071
	3, 95090
	3, 95099
	3, 95105
	3, 95108
	3, 95131
	3, 95151
	3, 95154
	3, 95157
	3, 95162
	3, 95181
	3, 95200
	3, 95211
	3, 95222
	3, 95243
	1, 95314
	2, 95321
	3, 95340
	3, 95349
	3, 95355
	3, 95358
	3, 95381
	3, 95401
	3, 95404
	3, 95407
	3, 95412
	3, 95431
	3, 95450
	3, 95461
	3, 95472
	3, 95493
	1, 95564
	2, 95571
	3, 95590
	3, 95599
	3, 95605
	3, 95608
	3, 95631
	3, 95651
	3, 95654
	3, 95657
	3, 95662
	3, 95681
	3, 95700
	3, 95711
	3, 95722
	3, 95743
	1, 95814
	2, 95821
	3, 95840
	3, 95849
	3, 95855
	3, 95858
	3, 95881
	3, 95901
	3, 95904
	3, 95907
	3, 95912
	3, 95931
	3, 95950
	3, 95961
	3, 95972
	3, 95993
	1, 96064
	2, 96071
	3, 96090
	3, 96099
	3, 96105
	3, 96108
	3, 96131
	3, 96151
	3, 96154
	3, 96157
	3, 96162
	3, 96181
	3, 96200
	3, 96211
	3, 96222
	3, 96243
	1, 96314
	2, 96321
	3, 96340
	3, 96349
	3, 96355
	3, 96358
	3, 96381
	3, 96401
	3, 96404
	3, 96407
	3, 96412
	3, 96431
	3, 96450
	3, 96461
	3, 96472
	3, 96493
	1, 96564
	2, 96571
	3, 96590
	3, 96599
	3, 96605
	3, 96608
	3, 96631
	3, 96651
	3, 96654
	3, 96657
	3, 96662
	3, 96681
	3, 96700
	3, 96711
	3, 96722
	3, 96743
	1, 96814
	2, 96821
	3, 96840
	3, 96849
	3, 96855
	3, 96858
	3, 96881
	3, 96901
	3, 96904
	3, 96907
	3, 96912
	3, 96931
	3, 96950
	3, 96961
	3, 96972
	3, 96993
	1, 97064
	2, 97071
	3, 97090
	3, 97099
	3, 97105
	3, 97108
	3, 97131
	3, 97151
	3, 97154
	3, 97157
	3, 97162
	3, 97181
	3, 97200
	3, 97211
	3, 97222
	3, 97243
	1, 97314
	2, 97321
	3, 97340
	3, 97349
	3, 97355
	3, 97358
	3, 97381
	3, 97401
	3, 97404
	3, 97407
	3, 97412
	3, 97431
	3, 97450
	3, 97461
	3, 97472
	3, 97493
	1, 97564
	2, 97571
	3, 97590
	3, 97599
	3, 97605
	3, 97608
	3, 97631
	3, 97651
	3, 97654
	3, 97657
	3, 97662
	3, 97681
	3, 97700
	3, 97711
	3, 97722
	3, 97743
	1, 97814
	2, 97821
	3, 97840
	3, 97849
	3, 97855
	3, 97858
	3, 97881
	3, 97901
	3, 97904
	3, 97907
	3, 97912
	3, 97931
	3, 97950
	3, 97961
	3, 97972
	3, 97993
	1, 98064
	2, 98071
	3, 98090
	3, 98099
	3, 98105
	3, 98108
	3, 98131
	3, 98151
	3, 98154
	3, 98157
	3, 98162
	3, 98181
	3, 98200
	3, 98211
	3, 98222
	3, 98243
	1, 98314
	2, 98321
	3, 98340
	3, 98349
	3, 98355
	3, 98358
	3, 98381
	3, 98401
	3, 98404
	3, 98407
	3, 98412
	3, 98431
	3, 98450
	3, 98461
	3, 98472
	3, 98493
	1, 98564
	2, 98571
	3, 98590
	3, 98599
	3, 98605
	3, 98608
	3, 98631
	3, 98651
	3, 98654
	3, 98657
	3, 98662
	3, 98681
	3, 98700
	3, 98711
	3, 98722
	3, 98743
	1, 98814
	2, 98821
	3, 98840
	3, 98849
	3, 98855
	3, 98858
	3, 98881
	3, 98901
	3, 98904
	3, 98907
	3, 98912
	3, 98931
	3, 98950
	3, 98961
	3, 98972
	3, 98993
	1, 99064
	2, 99071
	3, 99090
	3, 99099
	3, 99105
	3, 99108
	3, 99131
	3, 99151
	3, 99154
	3, 99157
	3, 99162
	3, 99181
	3, 99200
	3, 99211
	3, 99222
	3, 99243
	1, 99314
	2, 99321
	3, 99340
	3, 99349
	3, 99355
	3, 99358
	3, 99381
	3, 99401
	3, 99404
	3, 99407
	3, 99412
	3, 99431
	3, 99450
	3, 99461
	3, 99472
	3, 99493
	1, 99564
	2, 99571
	3, 99590
	3, 99599
	3, 99605
	3, 99608
	3, 99631
	3, 99651
	3, 99654
	3, 99657
	3, 99662
	3, 99681
	3, 99700
	3, 99711
	3, 99722
	3, 99743
	1, 99814
	2, 99821
	3, 99840
	3, 99849
	3, 99855
	3, 99858
	3, 99881
	3, 99901
	3, 99904
	3, 99907
	3, 99912
	3, 99931
	3, 99950
	3, 99961
	3, 99972
	3, 99993
Time : 143 ms
---------------------------------
File : .\text\100.txt
Str : mechanical
Duzina : 10
Pogadjanja  <= 3 : 
	0, 24
Time : 0 ms
---------------------------------
File : .\text\1000.txt
Str : mechanical
Duzina : 10
Pogadjanja  <= 3 : 
Time : 1 ms
---------------------------------
File : .\text\10000.txt
Str : mechanical
Duzina : 10
Pogadjanja  <= 3 : 
Time : 10 ms
---------------------------------
File : .\text\100000.txt
Str : mechanical
Duzina : 10
Pogadjanja  <= 3 : 
Time : 93 ms
---------------------------------
File : .\text\100.txt
Str : disappointdisappoint
Duzina : 20
Pogadjanja  <= 3 : 
Time : 0 ms
---------------------------------
File : .\text\1000.txt
Str : disappointdisappoint
Duzina : 20
Pogadjanja  <= 3 : 
Time : 2 ms
---------------------------------
File : .\text\10000.txt
Str : disappointdisappoint
Duzina : 20
Pogadjanja  <= 3 : 
Time : 16 ms
---------------------------------
File : .\text\100000.txt
Str : disappointdisappoint
Duzina : 20
Pogadjanja  <= 3 : 
Time : 179 ms
---------------------------------
File : .\text\100.txt
Str : disappointdisappointmechanicaldisappointdisappoint
Duzina : 50
Pogadjanja  <= 3 : 
Time : 0 ms
---------------------------------
File : .\text\1000.txt
Str : disappointdisappointmechanicaldisappointdisappoint
Duzina : 50
Pogadjanja  <= 3 : 
Time : 3 ms
---------------------------------
File : .\text\10000.txt
Str : disappointdisappointmechanicaldisappointdisappoint
Duzina : 50
Pogadjanja  <= 3 : 
Time : 29 ms
---------------------------------
File : .\text\100000.txt
Str : disappointdisappointmechanicaldisappointdisappoint
Duzina : 50
Pogadjanja  <= 3 : 
Time : 241 ms
---------------------------------
